Score,Steps,Bombs_placed,Invalid_moves,Epsilon
0,6,1,2,0.87
0,20,1,6,0.81
0,10,1,5,0.79
0,5,1,2,0.77
0,8,1,2,0.75
0,17,2,8,0.7
0,9,1,3,0.69
0,17,2,9,0.66
0,16,1,3,0.62
0,51,3,23,0.53
0,18,1,7,0.5
0,13,1,6,0.48
0,13,1,4,0.46
0,7,1,4,0.46
0,15,1,3,0.44
0,8,1,5,0.44
1,38,3,7,0.4
1,51,4,6,0.37
1,25,2,6,0.36
0,16,1,4,0.34
0,19,2,3,0.33
0,10,1,5,0.32
0,27,1,8,0.3
1,27,3,6,0.29
9,241,15,22,0.22
0,30,1,4,0.22
0,9,1,4,0.21
0,14,1,2,0.21
1,20,2,5,0.2
0,56,5,12,0.19
2,67,6,18,0.18
0,5,1,2,0.18
1,227,15,18,0.14
1,33,4,2,0.14
0,21,3,5,0.14
1,65,7,8,0.13
0,28,3,5,0.13
0,43,5,9,0.13
0,32,4,6,0.13
1,20,2,4,0.13
1,50,6,10,0.12
0,61,3,11,0.12
1,66,6,10,0.11
1,33,4,8,0.11
0,20,3,8,0.11
0,70,7,7,0.1
0,14,2,4,0.1
0,20,3,7,0.1
0,20,3,7,0.1
0,98,8,8,0.1
1,38,5,7,0.09
0,7,1,3,0.09
0,11,1,4,0.09
0,17,2,6,0.09
0,49,5,10,0.09
0,50,4,7,0.09
0,20,2,6,0.09
1,61,4,6,0.09
1,35,3,8,0.09
0,97,3,19,0.08
0,7,1,2,0.08
0,17,1,4,0.08
0,140,0,27,0.08
1,159,0,31,0.07
0,143,1,25,0.07
0,54,1,17,0.07
0,16,1,2,0.07
0,69,1,15,0.07
1,152,0,38,0.06
2,179,2,34,0.06
0,12,1,5,0.06
0,11,1,2,0.06
0,86,1,21,0.06
1,236,1,31,0.05
0,90,1,15,0.05
3,171,2,13,0.05
0,122,1,13,0.05
0,145,0,35,0.05
0,22,1,5,0.05
0,132,2,16,0.05
0,36,2,7,0.05
0,79,1,11,0.05
0,18,1,3,0.05
0,243,3,37,0.04
0,20,1,5,0.04
2,104,2,18,0.04
0,111,3,14,0.04
0,23,1,4,0.04
1,23,2,4,0.04
1,21,2,4,0.04
0,17,2,4,0.04
0,9,1,3,0.04
0,19,2,3,0.04
0,28,3,7,0.04
1,32,3,5,0.04
0,14,2,5,0.04
0,14,2,3,0.04
1,28,3,4,0.04
0,32,3,9,0.04
0,8,1,3,0.04
0,34,4,5,0.04
0,14,2,5,0.04
0,15,2,6,0.04
0,15,2,8,0.04
0,17,2,5,0.04
0,7,1,4,0.04
0,6,1,4,0.04
0,8,1,3,0.04
0,8,1,1,0.04
0,8,1,3,0.04
0,5,1,2,0.04
0,22,3,6,0.04
1,33,3,6,0.04
0,14,2,6,0.04
0,13,2,5,0.04
0,20,3,5,0.04
0,8,1,2,0.04
0,15,2,3,0.04
0,20,3,5,0.04
0,20,3,4,0.04
2,118,5,8,0.04
0,36,4,8,0.04
0,35,3,4,0.04
1,19,2,0,0.04
0,27,3,2,0.04
0,20,2,4,0.04
1,19,2,5,0.04
0,16,2,7,0.04
1,66,3,7,0.03
1,63,3,7,0.03
1,30,3,4,0.03
0,35,4,14,0.03
0,34,4,2,0.03
0,7,1,1,0.03
0,56,5,6,0.03
1,109,3,8,0.03
0,29,3,8,0.03
0,25,3,5,0.03
1,85,2,10,0.03
1,29,2,5,0.03
1,42,5,5,0.03
1,30,3,6,0.03
2,84,4,7,0.03
0,29,4,5,0.03
0,121,3,5,0.03
1,34,4,6,0.03
0,26,3,4,0.03
1,24,3,3,0.03
0,23,3,3,0.03
0,96,4,5,0.03
2,57,4,3,0.03
1,121,5,7,0.03
1,86,5,5,0.03
0,27,3,2,0.03
0,15,2,3,0.03
0,32,4,3,0.03
1,80,5,3,0.03
1,48,5,4,0.03
1,41,4,6,0.03
4,80,4,6,0.03
2,91,6,10,0.03
3,184,6,7,0.03
1,19,2,4,0.03
0,31,3,4,0.03
4,79,2,3,0.03
0,138,7,12,0.02
1,28,2,0,0.02
1,333,13,21,0.02
1,152,11,8,0.02
3,97,6,9,0.02
2,49,5,7,0.02
1,77,4,7,0.02
2,27,3,0,0.02
0,120,8,7,0.02
2,142,5,7,0.02
2,192,9,11,0.02
2,59,6,3,0.02
2,194,7,14,0.02
1,33,4,7,0.02
1,42,5,1,0.02
1,104,4,4,0.02
4,247,8,17,0.02
3,55,5,4,0.02
3,160,7,10,0.02
3,95,7,9,0.02
3,140,8,5,0.02
0,51,5,10,0.02
2,335,9,23,0.02
1,36,3,6,0.02
3,42,2,8,0.02
0,72,5,11,0.02
0,29,3,7,0.02
6,255,10,13,0.02
1,22,2,3,0.02
0,117,5,6,0.02
1,94,5,2,0.02
3,249,9,8,0.02
1,299,10,11,0.02
3,77,4,10,0.02
2,202,11,12,0.02
1,30,4,4,0.02
1,39,4,7,0.02
1,174,6,12,0.02
2,309,9,23,0.02
1,29,3,5,0.01
2,400,27,25,0.01
1,47,5,7,0.01
0,7,1,3,0.01
2,142,8,11,0.01
2,90,6,4,0.01
0,36,5,7,0.01
1,35,3,4,0.01
7,323,15,17,0.01
3,123,4,6,0.01
3,385,13,10,0.01
1,81,5,7,0.01
1,123,8,9,0.01
6,192,12,18,0.01
3,128,7,11,0.01
0,32,4,3,0.01
2,115,3,8,0.01
3,148,6,9,0.01
2,178,7,9,0.01
1,91,6,9,0.01
1,125,6,16,0.01
1,94,3,4,0.01
2,197,11,20,0.01
4,140,7,10,0.01
1,76,5,7,0.01
0,60,6,7,0.01
2,140,5,4,0.01
5,80,8,12,0.01
0,52,6,6,0.01
1,62,5,11,0.01
3,204,10,14,0.01
1,46,5,10,0.01
2,134,7,8,0.01
2,180,9,9,0.01
4,390,11,22,0.01
2,122,8,6,0.01
0,20,3,7,0.01
1,41,5,7,0.01
1,161,7,14,0.01
3,138,9,10,0.01
2,73,4,7,0.01
2,108,5,7,0.01
2,173,8,12,0.01
1,20,2,0,0.01
1,125,6,11,0.01
1,87,7,12,0.01
0,21,3,4,0.01
2,400,25,29,0.01
4,323,10,14,0.01
1,155,11,13,0.01
2,262,12,35,0.01
3,90,6,7,0.01
1,25,3,4,0.01
3,75,7,12,0.01
2,363,18,20,0.01
3,308,13,19,0.01
2,342,23,23,0.01
2,144,6,10,0.01
0,116,6,5,0.01
3,152,8,16,0.01
2,67,3,5,0.01
0,245,9,9,0.01
1,24,3,4,0.01
0,357,12,9,0.01
4,232,8,10,0.01
0,6,1,0,0.01
0,118,6,6,0.01
1,217,6,6,0.01
1,247,11,14,0.01
2,124,6,9,0.01
3,80,4,8,0.01
5,400,34,59,0.01
1,61,4,10,0.01
2,400,33,42,0.01
3,400,23,30,0.01
5,91,3,1,0.01
1,77,8,11,0.01
5,255,12,20,0.01
2,46,4,8,0.01
2,132,10,16,0.01
1,400,23,35,0.01
2,102,10,14,0.01
4,71,5,7,0.01
1,25,3,6,0.01
3,108,5,3,0.01
4,156,10,10,0.01
2,194,8,14,0.01
1,400,23,28,0.01
2,346,20,24,0.01
1,73,5,5,0.01
2,158,7,16,0.01
5,182,7,8,0.01
2,79,4,9,0.01
2,94,8,13,0.01
2,18,2,3,0.01
7,133,7,9,0.01
1,110,6,10,0.01
7,348,14,17,0.01
4,155,5,6,0.01
2,205,9,9,0.01
2,400,28,24,0.01
5,400,23,17,0.01
3,86,5,7,0.01
2,104,5,7,0.01
1,88,7,8,0.01
4,102,5,10,0.01
7,151,12,10,0.01
5,131,7,11,0.01
0,25,3,4,0.01
1,93,8,8,0.01
0,124,7,6,0.01
0,40,4,0,0.01
1,312,12,26,0.01
3,191,10,18,0.01
2,372,19,24,0.01
3,86,8,13,0.01
4,165,7,7,0.01
2,294,16,18,0.01
1,100,6,9,0.01
4,203,8,14,0.01
1,43,4,10,0.01
2,229,12,19,0.01
7,359,14,24,0.01
1,400,17,34,0.01
3,393,26,38,0.01
3,143,6,12,0.01
0,22,3,0,0.01
4,400,38,65,0.01
0,64,4,9,0.01
7,272,13,11,0.01
2,163,10,17,0.01
3,121,5,6,0.01
0,41,4,6,0.01
2,53,4,5,0.01
1,46,4,12,0.01
1,52,5,8,0.01
0,20,3,7,0.01
8,306,16,20,0.01
2,68,6,8,0.01
1,36,5,11,0.01
2,333,19,25,0.01
4,64,6,3,0.01
4,400,41,84,0.01
4,350,12,12,0.01
2,124,7,10,0.01
9,400,28,53,0.01
2,331,24,32,0.01
0,20,3,3,0.01
1,133,5,11,0.01
0,101,4,9,0.01
2,254,13,19,0.01
6,400,22,31,0.01
2,63,6,7,0.01
0,22,3,6,0.01
3,400,33,33,0.01
4,210,12,14,0.01
3,400,29,33,0.01
0,389,6,7,0.01
4,400,20,28,0.01
4,295,8,7,0.01
2,124,7,11,0.01
2,107,7,7,0.01
2,130,9,7,0.01
1,35,4,4,0.01
1,400,8,9,0.01
5,400,16,18,0.01
4,259,15,14,0.01
7,344,21,16,0.01
2,54,3,4,0.01
1,143,5,10,0.01
3,312,28,40,0.01
3,400,18,16,0.01
1,31,4,9,0.01
4,103,7,6,0.01
6,386,30,26,0.01
0,21,3,7,0.01
2,394,17,15,0.01
2,58,4,1,0.01
7,253,12,9,0.01
2,95,5,8,0.01
0,30,4,8,0.01
1,25,3,0,0.01
4,292,11,13,0.01
7,274,19,17,0.01
1,153,8,9,0.01
7,400,21,15,0.01
1,182,6,10,0.01
3,400,12,23,0.01
1,94,5,12,0.01
3,400,16,16,0.01
3,400,16,10,0.01
2,400,24,14,0.01
2,400,22,22,0.01
3,400,21,32,0.01
9,395,31,30,0.01
2,27,3,0,0.01
0,58,6,6,0.01
2,64,4,6,0.01
3,105,7,12,0.01
4,400,15,16,0.01
0,20,3,3,0.01
3,287,12,5,0.01
0,20,3,4,0.01
0,20,3,5,0.01
0,309,9,6,0.01
2,86,7,10,0.01
2,67,6,11,0.01
1,169,9,11,0.01
9,400,32,32,0.01
5,134,8,9,0.01
0,20,3,7,0.01
3,400,7,6,0.01
1,247,7,14,0.01
3,400,25,32,0.01
3,205,7,9,0.01
3,74,5,5,0.01
1,139,6,19,0.01
2,400,17,30,0.01
0,22,3,6,0.01
3,119,8,8,0.01
1,400,26,37,0.01
2,400,15,17,0.01
1,56,5,10,0.01
1,70,5,6,0.01
1,22,3,6,0.01
2,83,5,1,0.01
2,122,5,4,0.01
0,232,13,11,0.01
1,400,27,52,0.01
3,400,24,29,0.01
1,304,15,17,0.01
4,400,12,17,0.01
5,220,6,8,0.01
5,400,11,23,0.01
2,66,5,4,0.01
0,159,7,12,0.01
4,386,13,23,0.01
0,127,6,8,0.01
4,258,8,15,0.01
3,56,5,3,0.01
3,94,7,9,0.01
11,398,20,19,0.01
3,74,6,3,0.01
2,83,7,15,0.01
4,126,4,8,0.01
0,20,3,6,0.01
4,159,8,16,0.01
1,339,18,23,0.01
2,400,23,28,0.01
1,65,6,10,0.01
2,37,4,7,0.01
0,13,2,1,0.01
2,118,5,8,0.01
3,340,13,10,0.01
0,400,20,41,0.01
2,73,3,5,0.01
1,56,4,2,0.01
3,128,6,6,0.01
0,91,10,16,0.01
4,219,14,12,0.01
1,69,3,4,0.01
4,384,18,23,0.01
1,79,6,7,0.01
1,15,2,1,0.01
3,82,6,15,0.01
1,400,21,16,0.01
8,101,5,4,0.01
3,109,4,7,0.01
2,101,5,8,0.01
1,317,18,14,0.01
5,400,36,63,0.01
9,152,6,9,0.01
4,345,11,18,0.01
3,400,8,9,0.01
2,400,9,10,0.01
2,157,5,6,0.01
4,400,31,43,0.01
2,79,8,11,0.01
2,74,3,3,0.01
4,219,10,8,0.01
2,266,12,12,0.01
0,20,3,3,0.01
2,400,37,75,0.01
2,88,6,8,0.01
2,170,7,8,0.01
0,13,2,1,0.01
1,106,5,5,0.01
3,90,4,11,0.01
4,295,12,10,0.01
0,63,6,9,0.01
3,386,18,19,0.01
3,206,8,10,0.01
2,264,19,20,0.01
2,116,5,7,0.01
7,400,25,32,0.01
4,109,9,14,0.01
5,400,13,26,0.01
0,145,8,11,0.01
1,24,3,5,0.01
1,102,5,5,0.01
0,152,5,12,0.01
1,43,4,9,0.01
3,246,11,12,0.01
1,155,6,3,0.01
4,184,9,4,0.01
1,88,3,3,0.01
7,119,5,7,0.01
2,286,10,18,0.01
1,84,8,5,0.01
1,33,4,1,0.01
3,139,7,9,0.01
0,7,1,3,0.01
3,175,8,9,0.01
3,138,5,7,0.01
0,32,3,0,0.01
2,329,26,34,0.01
2,61,6,6,0.01
0,400,18,16,0.01
6,400,32,50,0.01
2,36,4,8,0.01
0,286,6,6,0.01
5,114,7,11,0.01
1,58,5,8,0.01
5,383,15,23,0.01
2,56,6,6,0.01
3,298,9,7,0.01
0,25,3,7,0.01
5,300,16,15,0.01
3,155,8,11,0.01
2,400,12,9,0.01
1,95,3,4,0.01
6,71,5,2,0.01
0,150,5,5,0.01
1,43,5,10,0.01
1,25,3,2,0.01
1,246,6,10,0.01
6,400,11,8,0.01
4,260,7,8,0.01
8,252,8,8,0.01
1,82,4,6,0.01
4,273,12,11,0.01
8,318,13,20,0.01
2,239,8,14,0.01
4,72,3,1,0.01
1,162,5,8,0.01
2,271,8,15,0.01
0,43,2,6,0.01
9,345,10,12,0.01
4,289,7,16,0.01
6,168,5,8,0.01
3,334,19,25,0.01
1,265,8,10,0.01
4,231,6,4,0.01
0,46,4,3,0.01
0,117,2,6,0.01
0,5,1,3,0.01
3,191,13,6,0.01
0,20,3,4,0.01
0,86,6,7,0.01
0,29,4,8,0.01
6,158,7,6,0.01
3,377,17,6,0.01
1,66,5,7,0.01
1,75,4,8,0.01
1,154,9,6,0.01
1,25,3,4,0.01
2,98,8,6,0.01
3,101,8,5,0.01
3,193,9,7,0.01
0,243,5,7,0.01
0,20,3,7,0.01
1,69,5,5,0.01
3,167,10,16,0.01
6,205,9,9,0.01
2,117,7,16,0.01
1,280,10,11,0.01
1,139,5,2,0.01
0,127,9,11,0.01
3,175,4,7,0.01
4,220,10,6,0.01
0,12,1,2,0.01
3,288,6,2,0.01
0,14,2,3,0.01
8,111,7,11,0.01
1,87,6,7,0.01
2,140,6,5,0.01
2,136,6,6,0.01
0,102,4,2,0.01
3,305,13,15,0.01
0,11,1,3,0.01
0,20,3,6,0.01
1,184,6,4,0.01
0,37,3,5,0.01
2,58,4,2,0.01
0,53,1,0,0.01
2,284,10,9,0.01
6,157,7,9,0.01
1,27,3,0,0.01
4,222,6,7,0.01
0,13,1,3,0.01
0,41,1,3,0.01
0,120,3,5,0.01
0,84,1,5,0.01
2,135,1,3,0.01
0,102,1,1,0.01
3,209,1,3,0.01
1,306,7,3,0.01
1,176,4,4,0.01
3,340,8,4,0.01
0,80,1,1,0.01
6,210,10,2,0.01
0,400,3,1,0.01
0,130,2,4,0.01
1,163,6,1,0.01
1,350,3,18,0.01
0,162,2,3,0.01
0,153,3,4,0.01
2,143,4,6,0.01
0,123,4,6,0.01
4,54,4,2,0.01
2,117,3,2,0.01
0,45,3,5,0.01
1,47,5,4,0.01
0,29,1,3,0.01
1,18,2,0,0.01
0,206,8,7,0.01
1,62,6,3,0.01
4,400,29,36,0.01
1,128,5,2,0.01
0,19,1,2,0.01
2,316,17,11,0.01
3,91,3,6,0.01
5,400,35,48,0.01
0,13,2,4,0.01
1,141,7,8,0.01
3,158,5,7,0.01
1,74,6,8,0.01
6,400,37,51,0.01
1,233,11,9,0.01
4,170,4,3,0.01
0,20,3,5,0.01
7,333,10,5,0.01
0,21,3,4,0.01
5,223,12,5,0.01
0,171,5,3,0.01
0,44,4,6,0.01
4,102,5,7,0.01
0,55,3,0,0.01
0,22,3,6,0.01
1,70,2,4,0.01
2,77,7,4,0.01
0,231,1,2,0.01
2,105,4,3,0.01
2,260,8,8,0.01
1,331,6,12,0.01
3,46,4,7,0.01
1,108,6,6,0.01
0,67,3,4,0.01
4,51,5,2,0.01
0,86,4,4,0.01
0,149,6,7,0.01
5,389,29,17,0.01
1,219,5,4,0.01
4,293,9,4,0.01
9,169,7,6,0.01
4,293,4,6,0.01
2,34,4,1,0.01
1,400,25,32,0.01
0,61,1,2,0.01
3,133,7,5,0.01
2,154,5,11,0.01
2,62,3,1,0.01
0,142,4,7,0.01
1,400,4,3,0.01
0,276,7,11,0.01
1,115,5,5,0.01
3,128,10,8,0.01
3,305,19,17,0.01
4,193,8,8,0.01
2,83,6,7,0.01
0,36,5,5,0.01
1,400,9,8,0.01
5,302,10,9,0.01
2,75,6,1,0.01
0,238,7,9,0.01
1,400,7,6,0.01
2,189,16,9,0.01
3,252,10,9,0.01
0,134,2,4,0.01
2,151,6,8,0.01
3,400,15,6,0.01
1,215,11,8,0.01
1,54,5,3,0.01
1,30,3,3,0.01
0,22,3,5,0.01
1,81,6,4,0.01
2,236,12,12,0.01
1,40,3,3,0.01
1,106,4,8,0.01
2,121,3,12,0.01
2,48,4,0,0.01
2,111,3,1,0.01
2,98,5,4,0.01
1,131,3,7,0.01
0,87,1,1,0.01
8,199,6,4,0.01
1,236,6,6,0.01
5,278,2,3,0.01
1,329,11,3,0.01
3,343,9,1,0.01
1,255,5,5,0.01
1,301,10,5,0.01
1,260,5,7,0.01
4,400,5,18,0.01
0,370,10,2,0.01
2,129,4,4,0.01
0,6,1,1,0.01
0,22,3,3,0.01
3,145,6,9,0.01
3,400,15,10,0.01
2,243,10,7,0.01
4,400,32,35,0.01
1,251,7,7,0.01
3,166,2,1,0.01
3,88,5,11,0.01
2,103,7,10,0.01
1,400,5,5,0.01
2,95,6,9,0.01
0,173,8,14,0.01
0,331,6,5,0.01
0,15,1,3,0.01
1,142,4,6,0.01
0,90,1,4,0.01
1,400,19,11,0.01
1,60,6,12,0.01
12,318,11,6,0.01
0,282,7,4,0.01
1,400,12,4,0.01
3,95,3,7,0.01
1,87,3,7,0.01
1,202,5,7,0.01
0,100,2,12,0.01
0,76,3,4,0.01
2,70,3,5,0.01
0,104,2,7,0.01
5,99,6,9,0.01
0,37,3,0,0.01
4,255,14,9,0.01
3,151,9,7,0.01
1,40,4,4,0.01
3,127,6,5,0.01
0,85,4,7,0.01
2,114,5,10,0.01
3,320,21,17,0.01
1,67,4,1,0.01
2,400,9,6,0.01
1,43,4,3,0.01
0,339,9,13,0.01
2,123,6,7,0.01
5,275,15,10,0.01
2,128,5,5,0.01
3,294,6,8,0.01
3,80,5,7,0.01
3,363,13,10,0.01
1,19,2,2,0.01
1,64,2,6,0.01
0,17,1,3,0.01
3,221,10,7,0.01
4,315,7,12,0.01
2,162,3,3,0.01
1,65,2,7,0.01
2,322,10,1,0.01
0,13,1,3,0.01
0,400,24,9,0.01
1,400,7,10,0.01
0,161,6,7,0.01
1,400,5,2,0.01
3,226,7,3,0.01
4,96,4,6,0.01
3,267,10,9,0.01
1,54,4,0,0.01
2,151,4,9,0.01
1,400,24,7,0.01
8,303,7,11,0.01
2,160,5,5,0.01
4,212,9,7,0.01
1,92,4,6,0.01
1,375,16,20,0.01
0,400,20,11,0.01
1,323,10,8,0.01
4,155,4,5,0.01
2,282,9,6,0.01
2,98,5,8,0.01
3,349,18,19,0.01
1,271,3,8,0.01
2,400,11,9,0.01
3,102,4,6,0.01
1,310,10,9,0.01
0,57,0,0,0.01
0,32,4,4,0.01
2,84,6,6,0.01
1,165,6,13,0.01
7,350,16,20,0.01
1,257,10,19,0.01
7,339,11,8,0.01
2,99,4,6,0.01
4,361,7,5,0.01
1,300,7,11,0.01
0,76,4,7,0.01
4,192,5,8,0.01
0,36,3,5,0.01
0,62,4,2,0.01
0,34,3,7,0.01
0,282,7,7,0.01
2,400,8,10,0.01
1,18,2,0,0.01
1,90,1,2,0.01
2,400,7,11,0.01
2,390,12,14,0.01
2,127,5,5,0.01
7,170,4,9,0.01
2,400,4,3,0.01
1,247,5,4,0.01
0,147,5,10,0.01
5,229,5,4,0.01
3,237,7,8,0.01
2,271,9,5,0.01
12,314,8,11,0.01
0,268,6,10,0.01
3,400,12,6,0.01
3,329,22,13,0.01
3,378,16,18,0.01
3,400,14,13,0.01
2,111,3,2,0.01
2,313,9,1,0.01
8,400,17,11,0.01
2,253,7,11,0.01
1,105,5,4,0.01
2,80,6,10,0.01
0,20,3,7,0.01
0,77,1,3,0.01
1,205,7,4,0.01
1,49,5,2,0.01
2,279,10,13,0.01
1,141,3,1,0.01
3,137,10,7,0.01
1,78,5,6,0.01
0,81,3,8,0.01
4,137,5,8,0.01
3,264,5,11,0.01
1,350,9,12,0.01
0,94,1,1,0.01
2,400,13,0,0.01
3,137,2,7,0.01
4,157,3,7,0.01
0,126,2,7,0.01
7,254,12,4,0.01
4,293,7,4,0.01
2,188,7,12,0.01
0,39,5,2,0.01
0,53,0,0,0.01
0,86,1,1,0.01
0,36,4,4,0.01
1,109,3,4,0.01
0,78,2,4,0.01
0,116,0,3,0.01
3,92,5,7,0.01
1,230,10,5,0.01
2,300,11,5,0.01
1,278,3,13,0.01
3,121,8,2,0.01
3,333,11,19,0.01
1,399,11,8,0.01
2,188,11,10,0.01
3,336,9,38,0.01
2,170,5,3,0.01
0,49,4,5,0.01
2,319,11,5,0.01
2,274,6,3,0.01
1,158,5,10,0.01
2,298,11,7,0.01
4,368,21,8,0.01
0,106,3,7,0.01
0,89,4,4,0.01
6,400,12,9,0.01
1,400,3,4,0.01
3,212,7,6,0.01
2,282,12,6,0.01
0,304,8,8,0.01
1,26,2,1,0.01
0,127,2,7,0.01
0,94,1,1,0.01
3,400,17,17,0.01
1,30,4,6,0.01
0,15,2,1,0.01
1,52,5,7,0.01
3,130,9,3,0.01
4,66,5,5,0.01
2,180,10,10,0.01
4,400,35,30,0.01
4,280,24,14,0.01
4,181,10,9,0.01
2,70,6,4,0.01
1,339,9,8,0.01
3,316,6,0,0.01
6,400,12,17,0.01
1,88,4,6,0.01
0,350,12,13,0.01
0,79,2,3,0.01
6,145,4,6,0.01
1,155,6,1,0.01
4,400,12,8,0.01
4,149,7,4,0.01
2,400,13,11,0.01
13,186,7,7,0.01
1,142,3,9,0.01
2,110,4,4,0.01
1,97,7,2,0.01
1,139,2,5,0.01
1,365,14,10,0.01
8,139,7,4,0.01
1,160,6,10,0.01
5,301,9,20,0.01
0,27,4,5,0.01
6,383,5,7,0.01
0,13,1,3,0.01
0,52,3,1,0.01
2,215,7,2,0.01
2,194,5,8,0.01
3,394,14,4,0.01
4,400,10,6,0.01
4,275,11,5,0.01
0,148,3,1,0.01
0,58,0,0,0.01
0,148,5,8,0.01
1,204,5,11,0.01
2,216,6,9,0.01
2,64,3,3,0.01
0,198,9,11,0.01
3,167,4,8,0.01
4,79,6,9,0.01
3,79,3,1,0.01
5,160,6,8,0.01
2,221,10,7,0.01
2,400,9,9,0.01
0,36,5,9,0.01
0,35,4,5,0.01
3,189,8,10,0.01
3,207,11,5,0.01
3,127,7,8,0.01
2,108,7,7,0.01
0,20,3,3,0.01
5,80,6,6,0.01
1,24,3,3,0.01
2,400,10,15,0.01
0,34,5,9,0.01
1,196,6,13,0.01
0,29,4,3,0.01
5,319,14,8,0.01
4,103,5,10,0.01
4,93,5,6,0.01
3,272,10,6,0.01
1,76,5,6,0.01
0,37,4,5,0.01
3,134,3,5,0.01
3,303,14,7,0.01
7,98,5,6,0.01
4,169,6,11,0.01
5,400,5,11,0.01
3,400,34,30,0.01
0,36,5,7,0.01
0,118,7,10,0.01
4,72,4,10,0.01
3,161,9,10,0.01
4,400,17,4,0.01
2,343,9,7,0.01
0,34,5,7,0.01
1,89,7,8,0.01
1,113,10,10,0.01
0,27,4,5,0.01
1,54,4,9,0.01
1,74,3,7,0.01
1,128,4,8,0.01
2,138,6,10,0.01
2,118,7,7,0.01
5,115,6,7,0.01
0,218,9,9,0.01
2,116,7,12,0.01
0,147,4,5,0.01
3,265,14,11,0.01
1,143,4,1,0.01
1,21,2,3,0.01
1,311,9,14,0.01
0,108,7,7,0.01
2,154,9,9,0.01
0,67,1,3,0.01
0,14,2,2,0.01
7,400,16,8,0.01
0,20,3,3,0.01
0,80,1,1,0.01
0,129,2,4,0.01
0,315,1,4,0.01
3,400,16,10,0.01
0,84,2,2,0.01
3,62,7,1,0.01
2,199,5,4,0.01
1,110,6,6,0.01
2,100,5,5,0.01
2,377,16,13,0.01
6,336,20,11,0.01
0,34,4,0,0.01
4,171,10,1,0.01
7,245,17,14,0.01
0,78,2,6,0.01
2,130,1,3,0.01
1,400,2,6,0.01
2,400,8,7,0.01
1,400,31,10,0.01
5,356,13,5,0.01
1,110,1,1,0.01
1,51,2,5,0.01
2,71,4,3,0.01
0,94,1,1,0.01
2,168,8,10,0.01
7,202,4,5,0.01
1,400,9,8,0.01
2,89,4,5,0.01
8,273,11,11,0.01
2,258,5,5,0.01
1,230,7,9,0.01
1,43,4,3,0.01
1,400,13,4,0.01
3,256,14,13,0.01
0,24,3,5,0.01
2,89,4,6,0.01
2,206,3,5,0.01
1,44,4,0,0.01
1,400,5,6,0.01
0,43,1,2,0.01
0,109,1,2,0.01
0,44,6,2,0.01
2,400,17,2,0.01
0,14,2,0,0.01
2,231,2,1,0.01
0,172,1,0,0.01
1,43,4,6,0.01
2,197,4,13,0.01
0,93,1,2,0.01
0,47,1,3,0.01
0,400,20,4,0.01
0,76,1,7,0.01
0,66,1,5,0.01
0,400,6,5,0.01
2,96,6,4,0.01
6,351,4,3,0.01
0,208,5,6,0.01
1,143,3,9,0.01
1,400,15,1,0.01
2,146,3,10,0.01
0,109,1,1,0.01
4,377,3,3,0.01
2,120,2,3,0.01
0,400,4,2,0.01
1,89,4,7,0.01
5,342,12,15,0.01
1,282,12,11,0.01
4,231,16,7,0.01
1,400,3,3,0.01
2,400,19,0,0.01
0,201,9,4,0.01
1,312,6,3,0.01
0,24,2,2,0.01
0,226,4,11,0.01
0,153,0,5,0.01
1,123,2,1,0.01
0,125,2,3,0.01
0,24,3,5,0.01
0,400,4,8,0.01
0,23,1,4,0.01
3,206,3,10,0.01
1,85,5,4,0.01
0,151,0,6,0.01
4,313,14,9,0.01
0,110,1,1,0.01
8,363,14,5,0.01
3,147,9,10,0.01
0,104,1,3,0.01
3,340,8,8,0.01
2,275,6,11,0.01
0,130,3,5,0.01
4,209,2,9,0.01
2,280,4,6,0.01
4,400,7,3,0.01
1,400,7,5,0.01
1,127,8,5,0.01
10,341,12,4,0.01
2,290,18,2,0.01
2,96,5,2,0.01
3,232,11,7,0.01
1,51,7,4,0.01
0,91,1,2,0.01
0,57,1,3,0.01
0,94,0,2,0.01
2,189,7,5,0.01
1,91,4,10,0.01
1,182,3,3,0.01
1,239,8,12,0.01
4,400,18,11,0.01
0,13,2,3,0.01
2,89,3,1,0.01
1,186,8,6,0.01
0,7,1,0,0.01
0,102,1,10,0.01
3,86,6,6,0.01
5,212,9,7,0.01
0,28,3,7,0.01
3,309,20,4,0.01
2,260,8,8,0.01
2,387,13,6,0.01
1,372,6,11,0.01
1,77,2,6,0.01
2,367,9,5,0.01
0,200,2,4,0.01
1,140,4,3,0.01
0,290,4,6,0.01
2,91,5,4,0.01
5,214,4,7,0.01
5,244,13,6,0.01
4,221,9,6,0.01
1,205,4,6,0.01
3,273,8,6,0.01
1,52,3,1,0.01
1,181,1,0,0.01
7,331,8,7,0.01
8,400,21,12,0.01
4,260,11,5,0.01
2,54,4,5,0.01
2,78,6,6,0.01
0,155,4,5,0.01
3,198,8,4,0.01
2,159,3,5,0.01
2,102,5,1,0.01
0,203,3,6,0.01
2,126,5,5,0.01
0,118,6,7,0.01
0,288,14,6,0.01
3,233,10,12,0.01
1,102,5,5,0.01
1,68,7,9,0.01
4,400,20,6,0.01
2,400,19,8,0.01
1,168,5,5,0.01
1,42,4,5,0.01
1,176,2,5,0.01
0,83,3,4,0.01
3,137,10,10,0.01
1,254,10,9,0.01
1,297,20,19,0.01
3,400,28,14,0.01
3,109,5,6,0.01
1,32,3,4,0.01
1,96,4,8,0.01
0,23,3,5,0.01
2,111,7,9,0.01
4,112,4,5,0.01
3,326,20,13,0.01
1,400,26,14,0.01
2,126,10,8,0.01
3,342,10,4,0.01
1,83,7,10,0.01
4,123,4,4,0.01
1,107,2,1,0.01
2,73,3,0,0.01
1,400,27,20,0.01
6,350,10,5,0.01
0,61,3,8,0.01
0,400,2,3,0.01
4,308,8,2,0.01
8,310,12,5,0.01
3,338,5,3,0.01
2,288,11,14,0.01
1,166,4,4,0.01
3,217,7,6,0.01
0,86,7,6,0.01
2,400,4,7,0.01
2,145,1,4,0.01
1,110,5,11,0.01
0,114,5,7,0.01
4,400,18,17,0.01
1,38,4,4,0.01
12,326,18,13,0.01
0,58,5,9,0.01
2,163,5,7,0.01
1,216,9,12,0.01
4,110,8,9,0.01
4,323,12,7,0.01
2,138,6,5,0.01
2,400,21,25,0.01
2,400,22,14,0.01
2,287,8,14,0.01
1,129,3,4,0.01
2,400,17,16,0.01
2,75,8,14,0.01
2,303,12,0,0.01
1,80,4,9,0.01
9,139,4,4,0.01
2,87,5,4,0.01
2,143,7,8,0.01
1,79,2,5,0.01
4,99,4,11,0.01
2,103,7,4,0.01
1,49,5,7,0.01
0,400,24,11,0.01
0,122,6,2,0.01
3,97,4,4,0.01
2,200,10,9,0.01
3,400,10,3,0.01
1,72,5,4,0.01
0,20,3,3,0.01
1,376,28,18,0.01
1,23,2,3,0.01
8,400,13,9,0.01
2,348,4,7,0.01
3,395,29,19,0.01
2,90,7,11,0.01
1,50,4,8,0.01
4,400,6,5,0.01
3,395,23,17,0.01
1,67,6,7,0.01
3,148,8,16,0.01
1,46,5,2,0.01
4,371,27,22,0.01
2,250,16,12,0.01
3,246,9,13,0.01
1,116,5,13,0.01
7,400,26,18,0.01
1,30,4,4,0.01
2,400,13,8,0.01
0,297,9,7,0.01
2,244,10,4,0.01
0,134,5,3,0.01
2,53,5,7,0.01
0,400,5,3,0.01
1,36,4,7,0.01
2,75,4,5,0.01
2,360,12,8,0.01
0,333,6,5,0.01
2,91,6,5,0.01
8,199,2,1,0.01
0,22,3,6,0.01
1,185,8,10,0.01
0,13,2,3,0.01
2,400,9,10,0.01
3,400,26,19,0.01
1,41,4,5,0.01
4,275,15,6,0.01
3,294,10,6,0.01
3,287,21,12,0.01
7,400,20,9,0.01
5,335,18,14,0.01
2,269,12,9,0.01
0,120,4,6,0.01
1,147,5,10,0.01
1,123,6,10,0.01
1,43,4,3,0.01
6,369,22,17,0.01
0,64,4,7,0.01
2,274,9,10,0.01
5,197,12,13,0.01
2,400,21,17,0.01
0,130,2,8,0.01
4,323,6,1,0.01
0,47,5,4,0.01
0,27,4,5,0.01
4,294,8,8,0.01
8,388,24,15,0.01
0,107,4,3,0.01
0,131,3,4,0.01
2,197,4,6,0.01
0,23,3,2,0.01
0,96,3,2,0.01
2,94,4,7,0.01
0,299,5,12,0.01
2,400,23,15,0.01
0,164,5,17,0.01
5,176,9,13,0.01
3,400,12,6,0.01
1,102,5,10,0.01
0,95,0,3,0.01
2,224,9,11,0.01
3,280,15,10,0.01
8,322,6,5,0.01
3,392,31,14,0.01
1,41,5,4,0.01
3,97,6,5,0.01
4,400,23,7,0.01
0,98,4,10,0.01
0,371,15,7,0.01
0,32,3,7,0.01
1,289,20,16,0.01
1,62,6,9,0.01
1,400,15,16,0.01
1,73,6,15,0.01
6,400,27,12,0.01
2,77,3,3,0.01
2,144,7,8,0.01
3,52,4,5,0.01
1,25,2,4,0.01
3,83,6,3,0.01
2,98,5,10,0.01
2,128,3,8,0.01
3,286,6,11,0.01
3,400,23,8,0.01
9,400,31,13,0.01
1,400,14,13,0.01
1,65,5,9,0.01
3,100,7,4,0.01
6,400,17,11,0.01
1,61,6,9,0.01
1,121,3,7,0.01
1,102,5,2,0.01
0,106,3,1,0.01
2,335,10,10,0.01
4,400,15,8,0.01
2,374,16,14,0.01
1,60,4,8,0.01
0,102,1,1,0.01
4,400,19,12,0.01
2,89,2,3,0.01
0,64,4,8,0.01
0,81,1,3,0.01
2,241,5,6,0.01
2,195,8,5,0.01
4,283,10,10,0.01
4,170,6,12,0.01
1,40,5,9,0.01
3,195,6,5,0.01
1,90,3,6,0.01
9,222,16,7,0.01
2,143,9,8,0.01
5,400,22,34,0.01
1,49,4,8,0.01
4,201,7,8,0.01
2,185,6,10,0.01
0,20,3,7,0.01
2,321,7,6,0.01
3,400,7,3,0.01
1,63,5,7,0.01
4,316,9,11,0.01
2,168,7,9,0.01
0,21,3,7,0.01
2,45,4,6,0.01
1,56,3,4,0.01
4,256,8,6,0.01
3,331,6,6,0.01
3,400,20,9,0.01
3,261,7,11,0.01
1,158,4,10,0.01
3,113,3,3,0.01
3,108,6,7,0.01
1,241,4,6,0.01
1,104,2,3,0.01
1,178,4,6,0.01
1,172,6,8,0.01
3,133,1,7,0.01
2,77,6,5,0.01
4,193,6,7,0.01
0,87,5,13,0.01
2,253,1,3,0.01
0,19,1,3,0.01
0,27,3,4,0.01
2,249,10,11,0.01
3,293,6,25,0.01
1,50,5,5,0.01
3,400,9,9,0.01
1,400,7,5,0.01
3,350,24,19,0.01
0,77,1,1,0.01
5,400,19,10,0.01
2,89,4,1,0.01
1,150,7,0,0.01
1,52,5,5,0.01
0,312,6,8,0.01
3,221,8,4,0.01
0,126,4,0,0.01
3,239,7,3,0.01
0,110,3,7,0.01
4,400,24,18,0.01
0,211,9,4,0.01
0,24,3,7,0.01
2,400,12,9,0.01
0,112,7,5,0.01
3,106,6,10,0.01
2,97,2,4,0.01
14,400,32,18,0.01
2,251,4,7,0.01
4,400,30,9,0.01
2,71,5,2,0.01
3,400,5,319,0.01
6,353,16,23,0.01
4,229,14,12,0.01
1,291,9,6,0.01
3,400,8,7,0.01
2,400,28,13,0.01
0,276,2,3,0.01
2,86,5,7,0.01
6,127,5,2,0.01
7,306,17,15,0.01
9,400,21,10,0.01
2,400,14,2,0.01
0,20,3,3,0.01
1,311,5,7,0.01
3,390,14,4,0.01
0,63,1,2,0.01
2,400,16,5,0.01
2,154,3,9,0.01
0,23,2,3,0.01
2,118,1,1,0.01
1,395,15,4,0.01
1,352,9,5,0.01
0,158,3,3,0.01
9,162,5,3,0.01
4,400,14,14,0.01
1,400,5,9,0.01
11,400,13,10,0.01
1,330,4,4,0.01
2,400,17,13,0.01
1,150,3,3,0.01
4,93,5,3,0.01
3,400,27,9,0.01
0,309,13,6,0.01
0,79,0,3,0.01
1,136,1,0,0.01
1,16,2,0,0.01
2,279,4,5,0.01
3,400,7,3,0.01
2,312,4,4,0.01
7,264,8,12,0.01
0,92,1,1,0.01
1,100,2,3,0.01
3,400,10,8,0.01
4,112,4,0,0.01
0,59,1,5,0.01
2,206,2,4,0.01
0,400,25,11,0.01
1,167,6,10,0.01
1,264,12,2,0.01
0,158,1,0,0.01
1,104,2,11,0.01
0,129,0,6,0.01
0,81,1,5,0.01
4,353,22,7,0.01
1,133,3,2,0.01
4,229,6,9,0.01
4,89,3,0,0.01
0,78,1,3,0.01
0,105,6,1,0.01
1,388,19,12,0.01
1,269,12,7,0.01
1,170,3,40,0.01
1,400,19,3,0.01
0,196,3,4,0.01
0,273,0,5,0.01
5,150,2,6,0.01
1,79,3,6,0.01
1,99,1,0,0.01
1,111,2,4,0.01
0,87,3,7,0.01
1,253,5,4,0.01
0,138,1,4,0.01
4,366,17,7,0.01
3,400,14,2,0.01
1,400,22,8,0.01
0,76,1,3,0.01
8,400,15,6,0.01
0,400,1,1,0.01
1,226,3,5,0.01
3,326,13,3,0.01
3,396,13,6,0.01
5,400,23,7,0.01
0,101,1,2,0.01
4,269,8,7,0.01
0,107,0,1,0.01
4,90,4,8,0.01
6,400,16,10,0.01
0,110,1,1,0.01
0,125,0,1,0.01
1,158,1,5,0.01
7,395,14,4,0.01
0,319,2,3,0.01
0,118,7,2,0.01
0,113,4,4,0.01
0,94,1,6,0.01
6,400,12,8,0.01
6,400,19,12,0.01
1,400,15,3,0.01
3,290,11,4,0.01
0,5,1,3,0.01
0,77,4,6,0.01
1,400,19,14,0.01
0,400,2,4,0.01
2,400,8,6,0.01
1,121,3,6,0.01
5,387,26,11,0.01
3,400,25,14,0.01
5,117,6,6,0.01
1,400,14,12,0.01
3,329,18,14,0.01
0,23,3,6,0.01
5,126,9,9,0.01
1,71,4,4,0.01
1,117,5,7,0.01
4,265,11,12,0.01
1,69,8,3,0.01
9,400,17,7,0.01
0,335,7,11,0.01
3,400,24,17,0.01
1,278,9,8,0.01
4,103,3,2,0.01
4,400,25,15,0.01
1,46,5,3,0.01
3,400,22,13,0.01
0,42,3,7,0.01
1,87,4,4,0.01
0,110,1,5,0.01
4,400,11,10,0.01
0,332,22,13,0.01
0,118,1,0,0.01
7,400,15,8,0.01
0,85,1,4,0.01
1,261,3,3,0.01
0,60,1,1,0.01
0,119,2,3,0.01
4,400,24,9,0.01
7,400,26,19,0.01
4,77,6,4,0.01
2,338,19,14,0.01
1,198,5,3,0.01
0,127,3,5,0.01
1,400,38,22,0.01
2,400,24,14,0.01
2,106,5,11,0.01
3,400,23,11,0.01
0,99,1,4,0.01
0,379,20,8,0.01
0,96,7,3,0.01
2,247,6,7,0.01
0,17,1,3,0.01
0,106,1,1,0.01
3,277,13,10,0.01
2,400,6,2,0.01
2,400,14,9,0.01
0,113,2,3,0.01
1,92,3,4,0.01
3,352,28,14,0.01
3,67,5,12,0.01
2,400,29,20,0.01
0,42,4,4,0.01
0,41,5,6,0.01
6,355,11,12,0.01
0,117,1,2,0.01
0,349,17,14,0.01
1,252,9,7,0.01
0,400,7,10,0.01
0,89,4,3,0.01
3,322,7,12,0.01
2,54,3,3,0.01
0,147,0,2,0.01
0,92,4,4,0.01
1,400,25,19,0.01
0,140,3,1,0.01
5,400,32,17,0.01
3,333,12,3,0.01
2,285,17,11,0.01
0,400,32,10,0.01
2,400,9,6,0.01
0,97,3,5,0.01
1,244,6,4,0.01
1,153,5,6,0.01
1,47,4,6,0.01
6,400,11,8,0.01
1,304,11,1,0.01
14,400,23,9,0.01
2,124,2,6,0.01
7,159,5,7,0.01
2,167,7,11,0.01
0,64,5,4,0.01
3,131,7,4,0.01
1,400,11,9,0.01
0,47,3,3,0.01
4,400,15,11,0.01
1,318,9,9,0.01
2,53,4,7,0.01
0,28,3,3,0.01
2,386,20,9,0.01
7,259,7,2,0.01
1,132,2,2,0.01
0,32,3,6,0.01
1,49,4,4,0.01
2,400,22,10,0.01
1,90,4,0,0.01
4,146,6,8,0.01
7,186,9,7,0.01
0,56,2,6,0.01
8,158,2,4,0.01
4,304,10,3,0.01
3,400,7,2,0.01
0,381,10,9,0.01
1,128,2,6,0.01
2,266,6,9,0.01
0,114,2,6,0.01
5,163,5,7,0.01
6,138,4,5,0.01
0,29,4,5,0.01
3,400,28,12,0.01
1,23,2,4,0.01
1,19,2,3,0.01
3,169,5,11,0.01
2,52,4,7,0.01
2,93,6,4,0.01
1,54,3,3,0.01
3,400,18,15,0.01
3,128,4,3,0.01
3,201,9,6,0.01
0,61,4,6,0.01
10,354,12,11,0.01
2,254,9,8,0.01
7,135,7,6,0.01
3,371,22,12,0.01
0,80,2,6,0.01
3,400,11,6,0.01
3,400,9,4,0.01
2,94,7,13,0.01
2,222,4,4,0.01
1,392,16,9,0.01
1,92,8,5,0.01
0,20,3,7,0.01
1,73,4,4,0.01
4,377,18,10,0.01
1,256,4,6,0.01
4,400,20,11,0.01
5,400,22,13,0.01
2,338,26,9,0.01
2,110,8,7,0.01
3,70,5,6,0.01
2,127,4,3,0.01
8,350,36,17,0.01
0,131,1,2,0.01
1,400,11,15,0.01
7,332,15,6,0.01
4,400,21,8,0.01
2,400,0,2,0.01
2,79,5,7,0.01
3,283,10,11,0.01
1,223,3,9,0.01
3,93,6,3,0.01
4,400,32,13,0.01
11,345,28,11,0.01
1,122,3,7,0.01
3,138,5,8,0.01
2,399,19,13,0.01
3,400,24,8,0.01
2,400,23,19,0.01
5,400,26,7,0.01
2,384,17,5,0.01
2,355,5,6,0.01
2,400,27,13,0.01
2,120,6,10,0.01
0,215,6,7,0.01
0,193,3,9,0.01
2,61,4,4,0.01
3,261,11,2,0.01
1,171,9,6,0.01
1,105,4,9,0.01
3,400,34,11,0.01
6,134,3,11,0.01
2,262,9,5,0.01
1,400,2,2,0.01
2,400,15,11,0.01
0,227,8,9,0.01
0,400,23,8,0.01
0,9,1,4,0.01
2,118,9,12,0.01
1,353,28,17,0.01
3,369,25,12,0.01
6,400,21,10,0.01
0,43,2,4,0.01
1,239,8,9,0.01
0,149,8,5,0.01
2,301,15,6,0.01
0,400,22,5,0.01
3,131,7,3,0.01
1,154,6,4,0.01
6,308,17,13,0.01
2,400,21,9,0.01
1,72,6,10,0.01
1,75,7,2,0.01
1,72,2,3,0.01
2,135,4,4,0.01
1,51,4,6,0.01
3,400,18,9,0.01
1,306,5,3,0.01
1,32,4,4,0.01
1,400,8,15,0.01
0,120,1,3,0.01
6,311,23,10,0.01
2,114,6,5,0.01
2,222,1,1,0.01
3,273,8,9,0.01
3,71,4,5,0.01
2,93,4,4,0.01
3,400,22,17,0.01
2,400,6,2,0.01
1,89,4,3,0.01
0,49,1,3,0.01
2,400,21,5,0.01
0,400,20,11,0.01
1,400,26,8,0.01
0,99,1,0,0.01
0,400,5,0,0.01
0,96,1,3,0.01
0,58,1,1,0.01
1,67,1,0,0.01
1,256,7,11,0.01
1,56,5,3,0.01
1,124,2,3,0.01
2,64,4,0,0.01
2,79,5,8,0.01
1,163,1,4,0.01
1,117,5,5,0.01
1,208,9,7,0.01
5,153,5,2,0.01
1,82,3,14,0.01
0,48,1,3,0.01
5,400,15,3,0.01
1,249,10,7,0.01
2,400,6,10,0.01
2,228,5,7,0.01
2,400,15,16,0.01
0,400,21,11,0.01
4,121,7,5,0.01
4,310,10,14,0.01
5,326,24,18,0.01
2,258,16,8,0.01
8,400,27,14,0.01
1,72,4,6,0.01
0,94,3,6,0.01
2,102,6,4,0.01
1,65,5,6,0.01
3,44,3,3,0.01
1,181,9,8,0.01
0,147,4,6,0.01
0,71,1,0,0.01
0,93,0,8,0.01
3,299,18,7,0.01
6,400,20,8,0.01
4,166,7,10,0.01
1,236,6,10,0.01
0,29,4,3,0.01
0,108,2,6,0.01
3,94,9,10,0.01
1,400,15,5,0.01
0,116,3,0,0.01
3,302,8,7,0.01
2,229,5,5,0.01
6,400,29,19,0.01
6,400,26,14,0.01
2,126,1,5,0.01
2,400,20,6,0.01
1,400,14,6,0.01
2,135,6,5,0.01
4,356,25,8,0.01
1,154,6,13,0.01
3,400,3,11,0.01
4,300,11,6,0.01
0,107,5,9,0.01
1,400,29,14,0.01
2,55,3,3,0.01
6,400,22,8,0.01
3,74,6,7,0.01
1,110,1,8,0.01
1,93,3,5,0.01
2,98,0,4,0.01
2,400,3,4,0.01
3,364,18,15,0.01
0,172,1,3,0.01
1,47,4,6,0.01
5,335,18,9,0.01
1,323,13,6,0.01
0,60,3,2,0.01
9,391,22,12,0.01
3,134,2,4,0.01
0,22,3,3,0.01
1,58,5,1,0.01
4,163,2,5,0.01
1,302,12,10,0.01
0,60,3,3,0.01
2,400,23,6,0.01
0,122,1,4,0.01
2,274,3,3,0.01
4,305,10,11,0.01
4,305,5,4,0.01
0,115,7,4,0.01
3,80,3,3,0.01
1,400,19,5,0.01
4,400,13,16,0.01
2,400,6,15,0.01
0,108,2,0,0.01
5,400,7,7,0.01
1,56,7,8,0.01
5,180,3,4,0.01
3,359,15,6,0.01
0,149,3,3,0.01
3,122,3,5,0.01
2,400,24,16,0.01
5,85,6,1,0.01
0,362,11,15,0.01
2,400,20,9,0.01
12,304,16,11,0.01
0,400,8,4,0.01
3,158,3,8,0.01
2,118,4,10,0.01
3,400,24,18,0.01
8,114,5,6,0.01
5,400,25,14,0.01
3,61,3,4,0.01
0,167,5,6,0.01
0,56,8,7,0.01
2,159,7,12,0.01
3,64,4,9,0.01
4,79,3,5,0.01
3,400,35,21,0.01
14,400,38,7,0.01
0,14,2,1,0.01
1,23,3,0,0.01
1,45,6,5,0.01
0,176,2,4,0.01
6,400,23,11,0.01
4,260,14,8,0.01
2,281,9,5,0.01
0,60,3,1,0.01
5,352,31,20,0.01
0,100,4,3,0.01
1,234,14,10,0.01
1,91,3,1,0.01
1,142,7,6,0.01
3,400,31,14,0.01
3,90,6,4,0.01
2,400,9,10,0.01
2,277,6,8,0.01
0,126,1,3,0.01
2,198,5,1,0.01
2,400,15,1,0.01
4,196,7,7,0.01
7,115,4,4,0.01
2,400,18,13,0.01
1,400,26,11,0.01
8,337,19,3,0.01
1,332,20,6,0.01
0,300,12,13,0.01
1,400,8,8,0.01
4,237,11,8,0.01
0,145,8,10,0.01
5,400,25,4,0.01
3,185,4,10,0.01
2,77,3,6,0.01
1,32,2,5,0.01
4,196,9,8,0.01
0,132,1,7,0.01
1,63,5,7,0.01
0,400,20,12,0.01
2,400,10,9,0.01
2,57,5,3,0.01
5,400,25,20,0.01
5,292,15,10,0.01
2,88,5,5,0.01
1,44,4,8,0.01
6,140,8,6,0.01
3,285,7,7,0.01
4,180,7,11,0.01
2,199,4,8,0.01
0,20,3,5,0.01
3,225,9,9,0.01
1,206,11,8,0.01
3,400,12,10,0.01
3,153,8,14,0.01
2,102,7,12,0.01
1,79,3,7,0.01
2,389,5,6,0.01
7,400,5,4,0.01
5,400,21,8,0.01
8,400,28,14,0.01
9,400,16,13,0.01
2,49,6,7,0.01
3,169,7,10,0.01
3,73,3,4,0.01
5,347,17,11,0.01
3,96,6,8,0.01
2,104,4,5,0.01
2,31,4,5,0.01
1,53,5,6,0.01
5,299,11,2,0.01
3,393,12,13,0.01
2,67,4,3,0.01
0,400,7,6,0.01
2,155,6,12,0.01
2,115,6,3,0.01
6,400,12,15,0.01
4,400,24,8,0.01
2,120,1,5,0.01
1,66,8,10,0.01
1,236,2,9,0.01
1,76,5,12,0.01
11,376,14,11,0.01
0,73,5,6,0.01
9,148,7,7,0.01
2,107,7,8,0.01
5,400,25,18,0.01
1,245,5,9,0.01
4,370,17,3,0.01
5,400,29,16,0.01
4,300,18,3,0.01
1,78,1,4,0.01
3,360,13,12,0.01
0,400,29,11,0.01
9,400,42,20,0.01
4,400,22,17,0.01
1,141,4,7,0.01
5,400,31,5,0.01
3,351,12,6,0.01
0,108,7,3,0.01
2,166,7,5,0.01
0,48,1,4,0.01
5,361,9,4,0.01
0,108,2,5,0.01
3,244,6,8,0.01
4,69,6,10,0.01
0,252,3,7,0.01
4,400,20,13,0.01
9,400,6,10,0.01
0,332,11,5,0.01
6,204,7,7,0.01
2,400,22,7,0.01
2,245,3,10,0.01
0,138,1,2,0.01
0,77,1,1,0.01
0,288,4,6,0.01
6,175,15,10,0.01
2,206,4,6,0.01
1,400,27,16,0.01
1,390,7,8,0.01
0,336,18,13,0.01
8,400,20,7,0.01
2,400,25,14,0.01
2,318,8,6,0.01
1,161,3,4,0.01
2,146,1,6,0.01
0,400,12,6,0.01
2,400,23,14,0.01
2,74,2,8,0.01
3,126,5,2,0.01
0,81,3,1,0.01
1,100,1,0,0.01
0,400,12,9,0.01
1,146,2,6,0.01
4,384,17,13,0.01
4,242,4,9,0.01
3,303,10,3,0.01
1,233,6,5,0.01
2,52,5,7,0.01
2,379,13,13,0.01
1,93,1,3,0.01
2,191,8,9,0.01
0,135,4,10,0.01
2,400,25,13,0.01
2,323,13,5,0.01
0,400,4,4,0.01
11,169,7,7,0.01
3,400,12,10,0.01
3,400,1,5,0.01
1,61,5,2,0.01
1,223,7,9,0.01
0,35,3,4,0.01
2,65,7,5,0.01
4,400,32,18,0.01
0,101,5,6,0.01
8,400,19,11,0.01
2,240,18,12,0.01
4,400,24,8,0.01
4,400,22,9,0.01
1,400,15,6,0.01
2,38,4,2,0.01
1,100,5,9,0.01
7,400,32,17,0.01
1,123,4,2,0.01
7,367,23,14,0.01
2,400,23,9,0.01
11,313,17,16,0.01
8,400,11,2,0.01
4,400,8,9,0.01
2,400,24,15,0.01
2,282,12,3,0.01
0,51,6,5,0.01
1,80,5,5,0.01
2,341,13,14,0.01
1,400,15,3,0.01
5,400,28,13,0.01
0,370,15,15,0.01
1,159,6,4,0.01
1,375,15,14,0.01
5,189,5,14,0.01
0,111,7,9,0.01
2,400,33,54,0.01
1,87,5,14,0.01
4,220,5,5,0.01
0,20,3,3,0.01
3,400,25,16,0.01
1,38,5,7,0.01
1,169,9,5,0.01
0,37,4,13,0.01
2,98,5,9,0.01
6,130,6,3,0.01
9,400,14,10,0.01
4,242,8,2,0.01
0,63,2,6,0.01
8,400,17,10,0.01
0,400,19,7,0.01
2,400,16,18,0.01
7,169,3,9,0.01
1,400,14,7,0.01
0,129,1,2,0.01
2,400,25,4,0.01
2,400,7,8,0.01
3,211,5,9,0.01
2,120,2,4,0.01
1,78,1,2,0.01
1,282,7,3,0.01
9,300,12,5,0.01
8,400,29,2,0.01
1,33,4,2,0.01
3,301,27,7,0.01
0,78,0,0,0.01
1,89,6,9,0.01
4,400,19,8,0.01
7,308,8,12,0.01
5,219,6,11,0.01
2,275,12,6,0.01
1,400,23,9,0.01
2,61,2,5,0.01
1,400,17,15,0.01
0,13,1,2,0.01
0,85,0,0,0.01
1,179,7,3,0.01
2,398,19,10,0.01
1,134,2,5,0.01
1,130,3,4,0.01
0,55,2,3,0.01
2,331,9,3,0.01
1,116,3,5,0.01
0,224,1,5,0.01
3,395,15,6,0.01
1,121,2,5,0.01
1,162,7,9,0.01
3,252,10,9,0.01
1,289,11,17,0.01
1,273,9,6,0.01
2,101,3,6,0.01
6,400,24,24,0.01
5,276,9,5,0.01
0,110,6,8,0.01
2,400,21,11,0.01
2,156,1,3,0.01
0,64,1,3,0.01
1,92,5,3,0.01
2,300,18,3,0.01
0,38,3,7,0.01
4,98,7,12,0.01
8,237,5,8,0.01
1,98,6,14,0.01
15,400,35,19,0.01
1,290,4,9,0.01
7,400,25,5,0.01
0,266,5,6,0.01
0,121,3,7,0.01
2,400,7,11,0.01
1,400,14,18,0.01
0,68,1,5,0.01
0,117,4,6,0.01
2,92,10,10,0.01
5,400,14,15,0.01
0,20,3,7,0.01
1,400,17,11,0.01
0,136,4,4,0.01
11,400,18,19,0.01
9,235,13,4,0.01
2,169,9,13,0.01
0,150,1,4,0.01
8,114,9,4,0.01
7,400,19,12,0.01
3,400,29,8,0.01
6,322,19,15,0.01
0,86,1,1,0.01
1,112,3,7,0.01
0,150,2,3,0.01
2,400,8,8,0.01
2,121,2,8,0.01
2,137,8,5,0.01
5,106,8,12,0.01
2,131,4,9,0.01
0,7,1,0,0.01
3,245,16,2,0.01
4,400,13,6,0.01
7,400,17,13,0.01
3,128,4,6,0.01
7,148,6,12,0.01
3,102,5,7,0.01
0,58,1,3,0.01
1,101,3,6,0.01
0,325,15,4,0.01
6,400,12,15,0.01
0,131,0,3,0.01
0,117,1,2,0.01
2,400,18,7,0.01
0,179,1,2,0.01
0,102,1,4,0.01
0,113,3,1,0.01
3,400,15,9,0.01
4,400,21,12,0.01
3,247,7,5,0.01
1,400,7,11,0.01
1,375,13,9,0.01
0,400,5,7,0.01
1,358,8,15,0.01
1,86,6,5,0.01
1,400,7,7,0.01
1,147,2,6,0.01
3,318,17,7,0.01
2,400,7,19,0.01
1,223,7,8,0.01
1,296,8,20,0.01
2,240,11,8,0.01
1,192,2,6,0.01
0,400,17,17,0.01
0,101,2,5,0.01
2,400,17,6,0.01
1,400,5,5,0.01
1,71,4,4,0.01
2,400,11,28,0.01
1,144,5,3,0.01
2,59,6,4,0.01
1,150,6,14,0.01
2,111,1,2,0.01
0,235,8,22,0.01
2,75,6,1,0.01
1,83,5,11,0.01
0,63,6,7,0.01
2,352,13,5,0.01
0,24,3,1,0.01
3,400,15,10,0.01
0,52,3,1,0.01
2,55,6,10,0.01
2,193,7,4,0.01
3,364,20,2,0.01
5,400,39,29,0.01
0,103,2,12,0.01
1,105,1,6,0.01
1,48,4,6,0.01
3,196,12,8,0.01
3,126,8,4,0.01
2,56,3,6,0.01
1,170,7,10,0.01
1,213,6,12,0.01
0,55,3,6,0.01
0,104,3,6,0.01
0,22,3,3,0.01
1,96,2,3,0.01
0,60,1,2,0.01
4,214,6,8,0.01
5,400,38,20,0.01
6,81,5,13,0.01
0,55,1,2,0.01
3,113,5,8,0.01
7,400,28,17,0.01
3,400,10,8,0.01
4,400,33,21,0.01
5,400,10,8,0.01
6,400,28,21,0.01
0,87,1,4,0.01
2,400,36,8,0.01
1,400,19,7,0.01
2,123,2,5,0.01
1,400,6,8,0.01
1,90,5,3,0.01
2,307,9,14,0.01
3,92,3,2,0.01
0,106,4,4,0.01
3,105,3,7,0.01
0,392,27,8,0.01
1,285,5,8,0.01
1,309,2,5,0.01
1,144,2,5,0.01
0,99,1,4,0.01
0,148,4,1,0.01
3,98,8,6,0.01
2,72,2,3,0.01
2,400,12,10,0.01
1,380,6,6,0.01
9,400,22,4,0.01
7,201,10,8,0.01
8,400,18,8,0.01
2,47,4,3,0.01
9,380,26,18,0.01
2,315,12,15,0.01
1,147,4,5,0.01
2,168,5,5,0.01
2,85,5,8,0.01
4,221,9,8,0.01
6,230,11,12,0.01
2,400,4,5,0.01
1,162,5,4,0.01
3,128,4,6,0.01
2,149,4,3,0.01
0,99,1,2,0.01
8,400,24,12,0.01
3,304,21,15,0.01
0,258,5,2,0.01
2,400,15,18,0.01
12,394,24,12,0.01
3,336,21,18,0.01
2,400,13,5,0.01
2,400,22,8,0.01
14,400,23,7,0.01
0,20,3,4,0.01
0,400,25,17,0.01
8,189,10,12,0.01
0,400,24,12,0.01
3,400,27,11,0.01
1,400,27,8,0.01
1,162,4,8,0.01
0,24,3,3,0.01
3,162,4,2,0.01
2,232,16,5,0.01
0,155,1,4,0.01
1,231,3,3,0.01
2,400,13,5,0.01
0,105,1,2,0.01
1,400,18,11,0.01
1,62,5,4,0.01
1,81,1,0,0.01
1,250,11,4,0.01
2,156,4,3,0.01
1,161,1,6,0.01
0,82,1,1,0.01
3,143,7,3,0.01
7,400,29,30,0.01
0,61,6,6,0.01
0,84,2,3,0.01
1,71,6,7,0.01
3,400,7,4,0.01
1,146,8,7,0.01
0,110,1,2,0.01
3,400,24,11,0.01
1,175,5,8,0.01
2,400,16,19,0.01
1,55,5,3,0.01
1,400,14,2,0.01
4,400,19,6,0.01
2,385,8,12,0.01
3,400,11,3,0.01
4,400,18,12,0.01
1,82,2,7,0.01
1,113,3,4,0.01
4,400,6,12,0.01
10,236,8,9,0.01
0,400,7,3,0.01
2,145,4,9,0.01
1,105,3,4,0.01
4,139,6,7,0.01
1,119,2,3,0.01
2,78,6,7,0.01
3,152,4,3,0.01
1,400,12,6,0.01
7,400,31,15,0.01
3,96,4,3,0.01
1,52,5,5,0.01
2,87,6,10,0.01
1,400,20,15,0.01
2,400,7,7,0.01
2,234,6,2,0.01
2,54,4,3,0.01
2,400,28,14,0.01
3,115,6,14,0.01
3,229,8,11,0.01
2,400,22,2,0.01
0,71,1,2,0.01
4,400,28,4,0.01
2,400,13,12,0.01
0,167,5,10,0.01
3,400,13,14,0.01
2,39,4,1,0.01
3,366,10,10,0.01
1,172,3,6,0.01
0,75,1,6,0.01
1,400,20,1,0.01
1,60,0,6,0.01
3,329,20,8,0.01
0,105,1,2,0.01
2,400,19,9,0.01
6,400,24,2,0.01
6,141,6,15,0.01
0,91,1,1,0.01
0,136,3,3,0.01
1,192,2,7,0.01
3,77,5,5,0.01
2,88,5,3,0.01
5,362,24,3,0.01
1,400,1,7,0.01
2,303,7,5,0.01
0,96,1,19,0.01
0,94,1,3,0.01
1,261,7,3,0.01
2,366,4,4,0.01
2,106,5,7,0.01
2,134,3,4,0.01
0,400,2,4,0.01
0,400,6,9,0.01
3,119,8,15,0.01
11,400,5,3,0.01
4,122,4,9,0.01
0,400,23,11,0.01
2,227,6,4,0.01
4,400,23,16,0.01
0,130,1,12,0.01
1,400,17,7,0.01
1,159,1,9,0.01
3,283,9,9,0.01
0,50,5,12,0.01
1,130,5,5,0.01
2,241,10,15,0.01
2,400,18,11,0.01
2,80,4,6,0.01
0,108,6,6,0.01
3,400,22,8,0.01
1,93,4,7,0.01
1,400,11,7,0.01
1,351,9,11,0.01
5,400,20,6,0.01
1,112,6,4,0.01
2,371,9,10,0.01
3,109,6,8,0.01
2,111,5,9,0.01
0,373,24,12,0.01
1,111,4,8,0.01
1,103,2,0,0.01
3,400,29,20,0.01
3,299,15,10,0.01
1,198,8,15,0.01
2,73,6,5,0.01
0,286,13,6,0.01
2,400,7,13,0.01
3,110,4,7,0.01
0,22,3,5,0.01
0,50,1,5,0.01
2,400,14,3,0.01
1,400,19,12,0.01
4,336,5,3,0.01
3,393,10,2,0.01
3,400,13,6,0.01
1,96,6,5,0.01
1,32,4,3,0.01
2,297,7,8,0.01
7,122,8,5,0.01
2,145,7,11,0.01
3,400,4,8,0.01
1,100,5,2,0.01
1,200,6,6,0.01
3,400,13,12,0.01
1,208,3,4,0.01
1,44,4,3,0.01
1,161,4,7,0.01
4,400,19,9,0.01
1,400,8,9,0.01
0,260,7,17,0.01
2,399,11,10,0.01
2,60,4,6,0.01
1,400,18,5,0.01
3,336,12,7,0.01
4,400,18,2,0.01
1,359,20,8,0.01
2,83,5,8,0.01
3,67,6,7,0.01
1,162,1,6,0.01
0,93,1,2,0.01
0,400,20,3,0.01
3,307,13,8,0.01
4,337,12,13,0.01
9,400,24,9,0.01
0,400,16,20,0.01
0,29,4,1,0.01
2,400,19,6,0.01
1,400,16,19,0.01
0,91,2,10,0.01
5,265,8,6,0.01
2,400,5,2,0.01
1,396,21,7,0.01
0,51,1,3,0.01
0,131,2,3,0.01
1,103,5,1,0.01
2,109,6,9,0.01
3,144,2,3,0.01
2,230,10,11,0.01
1,90,2,4,0.01
2,400,13,14,0.01
1,283,7,4,0.01
2,62,4,2,0.01
3,217,4,6,0.01
1,64,1,2,0.01
1,112,1,2,0.01
6,340,12,11,0.01
0,400,15,9,0.01
3,125,6,3,0.01
2,162,4,0,0.01
1,400,15,6,0.01
2,198,2,3,0.01
2,201,3,6,0.01
1,400,18,13,0.01
3,400,23,19,0.01
1,130,2,4,0.01
0,102,1,2,0.01
0,74,1,4,0.01
1,400,5,1,0.01
0,78,4,4,0.01
7,400,21,4,0.01
0,43,6,1,0.01
3,400,22,15,0.01
1,146,3,3,0.01
1,147,2,3,0.01
1,400,3,2,0.01
0,66,1,0,0.01
1,155,2,5,0.01
2,223,8,5,0.01
3,78,4,5,0.01
1,400,23,6,0.01
3,400,22,14,0.01
1,400,25,13,0.01
2,379,18,12,0.01
2,196,4,8,0.01
1,180,2,4,0.01
2,400,6,5,0.01
2,400,21,6,0.01
0,125,1,1,0.01
0,137,1,3,0.01
3,80,4,8,0.01
2,400,12,4,0.01
3,400,12,10,0.01
2,400,18,4,0.01
3,82,5,9,0.01
6,386,16,19,0.01
3,400,19,9,0.01
1,153,2,5,0.01
0,58,1,3,0.01
2,197,2,2,0.01
13,400,26,18,0.01
0,19,1,3,0.01
3,89,6,2,0.01
0,102,1,3,0.01
0,33,1,4,0.01
0,71,5,6,0.01
4,120,4,3,0.01
0,99,1,3,0.01
3,400,12,8,0.01
3,260,3,7,0.01
1,111,5,10,0.01
5,102,4,6,0.01
0,107,1,1,0.01
0,377,6,12,0.01
0,145,2,5,0.01
2,400,20,6,0.01
7,400,20,9,0.01
3,253,6,7,0.01
3,218,7,7,0.01
1,28,3,2,0.01
0,328,9,7,0.01
7,400,7,6,0.01
1,299,3,9,0.01
2,260,10,8,0.01
1,101,1,3,0.01
0,90,0,2,0.01
1,400,18,7,0.01
1,400,13,12,0.01
0,26,3,1,0.01
0,19,1,3,0.01
0,128,2,5,0.01
4,400,7,7,0.01
0,400,16,6,0.01
2,108,0,3,0.01
0,79,4,7,0.01
1,82,4,3,0.01
1,117,5,7,0.01
1,400,3,2,0.01
2,159,4,1,0.01
8,400,16,14,0.01
2,263,16,5,0.01
0,384,16,10,0.01
4,318,13,5,0.01
0,80,0,0,0.01
1,107,5,4,0.01
7,400,22,9,0.01
3,161,4,18,0.01
5,387,5,0,0.01
3,312,15,6,0.01
1,99,2,1,0.01
3,400,20,10,0.01
3,400,20,9,0.01
2,250,12,6,0.01
1,146,1,10,0.01
2,112,5,6,0.01
3,369,6,5,0.01
1,400,16,11,0.01
6,400,21,5,0.01
0,93,1,2,0.01
2,400,24,6,0.01
3,284,13,19,0.01
6,400,24,12,0.01
0,400,6,2,0.01
0,115,0,0,0.01
7,396,9,2,0.01
2,50,5,8,0.01
0,113,1,12,0.01
1,139,1,5,0.01
1,255,7,6,0.01
4,185,4,8,0.01
3,310,12,13,0.01
1,50,4,6,0.01
3,308,18,14,0.01
0,87,4,4,0.01
0,108,2,4,0.01
1,235,8,8,0.01
3,86,3,11,0.01
4,234,17,10,0.01
7,400,26,7,0.01
3,372,32,14,0.01
1,364,22,14,0.01
2,400,26,14,0.01
0,251,2,6,0.01
2,365,23,2,0.01
3,400,9,11,0.01
3,102,7,5,0.01
2,106,4,9,0.01
1,378,31,16,0.01
1,285,6,7,0.01
5,319,23,11,0.01
8,400,11,0,0.01
5,400,18,12,0.01
7,349,30,14,0.01
3,333,15,8,0.01
6,400,25,21,0.01
0,400,20,17,0.01
2,400,7,7,0.01
4,400,8,12,0.01
3,155,5,10,0.01
1,400,22,17,0.01
3,344,5,13,0.01
0,36,5,5,0.01
4,90,6,6,0.01
3,323,7,11,0.01
3,82,4,8,0.01
1,110,6,6,0.01
0,5,1,3,0.01
0,31,3,7,0.01
2,227,13,18,0.01
1,400,6,3,0.01
2,107,3,10,0.01
0,221,5,7,0.01
0,14,2,0,0.01
0,15,2,3,0.01
6,400,35,12,0.01
9,328,10,4,0.01
0,48,3,1,0.01
1,399,25,20,0.01
1,31,4,3,0.01
5,129,7,7,0.01
1,400,8,19,0.01
1,110,7,3,0.01
5,381,27,9,0.01
2,66,7,3,0.01
3,400,14,16,0.01
3,337,12,9,0.01
3,400,2,3,0.01
0,43,3,2,0.01
7,400,25,13,0.01
1,394,7,6,0.01
0,48,3,5,0.01
1,400,15,14,0.01
4,233,10,25,0.01
0,21,1,3,0.01
1,273,2,5,0.01
2,313,9,9,0.01
1,400,19,17,0.01
4,400,11,12,0.01
0,164,3,5,0.01
4,264,6,6,0.01
0,122,6,7,0.01
0,46,6,4,0.01
3,134,1,3,0.01
1,378,20,5,0.01
8,285,9,8,0.01
7,380,31,6,0.01
0,36,5,1,0.01
1,71,5,8,0.01
1,60,4,4,0.01
3,60,3,12,0.01
3,371,6,3,0.01
1,17,2,4,0.01
1,29,3,2,0.01
1,81,4,1,0.01
5,394,12,12,0.01
1,64,4,8,0.01
10,315,14,9,0.01
2,127,8,4,0.01
0,121,1,5,0.01
2,400,20,14,0.01
3,131,8,7,0.01
0,20,3,6,0.01
0,20,3,3,0.01
1,400,4,9,0.01
1,150,6,6,0.01
1,210,5,2,0.01
2,114,7,5,0.01
0,74,2,6,0.01
6,85,7,7,0.01
0,14,2,0,0.01
0,96,5,4,0.01
5,121,5,8,0.01
8,384,13,8,0.01
3,400,13,7,0.01
0,60,1,7,0.01
0,80,6,6,0.01
2,400,18,11,0.01
3,400,24,4,0.01
9,400,20,8,0.01
0,231,6,2,0.01
0,400,35,22,0.01
1,93,2,1,0.01
3,400,5,9,0.01
3,344,13,15,0.01
0,61,2,4,0.01
2,361,17,10,0.01
1,111,2,3,0.01
1,400,21,21,0.01
6,330,24,7,0.01
1,42,4,10,0.01
1,78,5,10,0.01
0,88,1,1,0.01
0,20,3,7,0.01
1,17,2,5,0.01
2,91,2,1,0.01
0,20,3,7,0.01
1,102,4,6,0.01
3,249,3,6,0.01
5,400,31,9,0.01
0,103,2,6,0.01
1,400,16,6,0.01
1,367,18,8,0.01
6,165,4,9,0.01
9,400,17,16,0.01
3,397,16,4,0.01
1,124,3,7,0.01
0,161,4,2,0.01
1,149,6,3,0.01
1,40,3,3,0.01
2,185,4,2,0.01
2,59,3,9,0.01
0,267,9,8,0.01
1,91,2,2,0.01
0,45,1,3,0.01
4,400,17,7,0.01
4,204,9,6,0.01
0,108,5,5,0.01
8,400,24,6,0.01
3,231,6,3,0.01
1,136,7,4,0.01
3,307,11,7,0.01
1,367,6,9,0.01
4,291,8,12,0.01
4,400,12,8,0.01
3,34,3,4,0.01
7,400,27,14,0.01
2,287,7,16,0.01
6,400,4,6,0.01
2,400,21,9,0.01
4,341,10,12,0.01
3,62,4,3,0.01
0,44,3,3,0.01
2,138,4,4,0.01
1,122,3,0,0.01
1,150,6,4,0.01
2,57,6,12,0.01
0,97,3,1,0.01
4,98,5,1,0.01
1,116,2,5,0.01
9,400,22,6,0.01
0,25,1,3,0.01
2,154,3,5,0.01
5,348,13,8,0.01
0,200,3,6,0.01
2,242,8,16,0.01
0,45,1,3,0.01
4,400,14,12,0.01
9,400,23,12,0.01
0,400,17,6,0.01
2,43,4,10,0.01
3,400,17,6,0.01
0,22,3,3,0.01
1,384,6,6,0.01
0,56,4,6,0.01
3,73,4,6,0.01
1,382,18,6,0.01
4,400,6,4,0.01
0,120,1,3,0.01
2,104,6,4,0.01
2,87,5,6,0.01
1,110,4,4,0.01
1,95,2,6,0.01
3,99,5,4,0.01
0,165,1,4,0.01
3,57,5,9,0.01
3,121,5,2,0.01
4,131,7,9,0.01
1,132,4,5,0.01
1,98,5,2,0.01
3,400,3,4,0.01
0,124,6,11,0.01
8,104,7,6,0.01
5,400,11,5,0.01
2,94,5,8,0.01
2,400,31,13,0.01
2,376,24,20,0.01
2,39,5,10,0.01
3,400,25,7,0.01
5,131,5,6,0.01
4,400,19,22,0.01
6,400,29,17,0.01
2,238,6,2,0.01
4,91,5,9,0.01
5,389,18,23,0.01
4,400,24,18,0.01
1,385,19,9,0.01
2,163,10,14,0.01
2,244,11,10,0.01
5,400,44,21,0.01
8,328,23,14,0.01
1,25,3,1,0.01
0,43,5,6,0.01
9,400,25,5,0.01
4,400,27,24,0.01
1,26,3,6,0.01
7,400,23,10,0.01
3,189,6,6,0.01
5,184,5,7,0.01
4,367,19,21,0.01
4,400,17,4,0.01
0,34,3,3,0.01
0,106,3,7,0.01
1,45,5,6,0.01
2,163,7,6,0.01
3,166,4,7,0.01
2,60,4,1,0.01
4,231,4,11,0.01
2,400,18,19,0.01
0,104,5,8,0.01
2,235,7,6,0.01
0,20,3,6,0.01
1,300,8,12,0.01
2,60,6,8,0.01
1,400,14,8,0.01
3,368,19,7,0.01
1,355,9,8,0.01
7,400,16,10,0.01
1,95,4,5,0.01
2,300,15,7,0.01
2,107,7,9,0.01
3,400,5,6,0.01
1,369,22,11,0.01
6,400,19,10,0.01
3,258,12,13,0.01
4,348,9,5,0.01
0,81,4,4,0.01
1,45,3,7,0.01
3,400,22,23,0.01
0,33,4,3,0.01
0,7,1,3,0.01
7,400,17,11,0.01
10,370,20,15,0.01
1,400,20,13,0.01
9,400,33,7,0.01
2,143,7,12,0.01
1,400,3,4,0.01
2,400,27,12,0.01
1,61,6,3,0.01
2,101,6,4,0.01
1,65,3,6,0.01
5,149,7,1,0.01
2,322,13,10,0.01
0,118,1,4,0.01
2,54,3,6,0.01
2,400,20,9,0.01
3,286,6,18,0.01
1,139,2,2,0.01
2,400,12,12,0.01
5,400,20,7,0.01
1,104,5,8,0.01
4,400,31,18,0.01
0,400,6,9,0.01
4,400,28,15,0.01
6,400,20,24,0.01
0,102,2,6,0.01
1,104,5,11,0.01
0,400,22,21,0.01
3,330,7,17,0.01
2,400,24,11,0.01
1,400,18,8,0.01
2,382,8,14,0.01
1,192,8,9,0.01
3,279,8,12,0.01
0,139,4,2,0.01
4,400,14,13,0.01
8,400,15,9,0.01
0,247,4,2,0.01
1,112,2,4,0.01
0,20,3,7,0.01
4,189,7,8,0.01
1,114,2,7,0.01
4,400,10,6,0.01
8,400,22,6,0.01
6,304,13,6,0.01
1,293,24,13,0.01
2,400,29,5,0.01
2,108,3,5,0.01
2,137,5,8,0.01
7,262,15,8,0.01
2,400,6,6,0.01
0,22,3,3,0.01
0,101,3,6,0.01
3,292,15,10,0.01
0,86,2,3,0.01
1,400,17,7,0.01
9,400,25,12,0.01
7,400,28,13,0.01
1,28,3,2,0.01
0,400,22,6,0.01
0,400,10,6,0.01
0,58,1,6,0.01
4,400,27,11,0.01
0,49,7,13,0.01
0,117,5,9,0.01
2,109,5,10,0.01
1,278,12,12,0.01
6,107,2,3,0.01
9,400,31,16,0.01
1,41,3,0,0.01
2,297,12,12,0.01
3,124,7,14,0.01
7,400,27,5,0.01
9,362,10,2,0.01
1,177,3,6,0.01
4,400,26,19,0.01
4,231,12,14,0.01
2,400,18,11,0.01
3,72,5,9,0.01
1,76,4,7,0.01
1,45,5,12,0.01
2,72,5,9,0.01
4,135,6,8,0.01
2,75,4,7,0.01
0,109,3,10,0.01
4,360,28,24,0.01
4,379,14,13,0.01
4,400,12,12,0.01
1,30,4,6,0.01
0,22,3,4,0.01
4,212,10,4,0.01
1,400,11,7,0.01
2,400,17,13,0.01
1,148,6,2,0.01
2,107,3,4,0.01
1,43,6,2,0.01
3,132,7,12,0.01
3,373,10,11,0.01
1,170,7,7,0.01
0,61,1,1,0.01
0,15,1,2,0.01
5,400,22,8,0.01
2,400,14,32,0.01
3,125,6,9,0.01
12,400,33,19,0.01
3,86,3,7,0.01
3,400,18,14,0.01
1,135,5,15,0.01
4,189,11,6,0.01
3,175,4,1,0.01
1,400,19,8,0.01
8,175,10,6,0.01
1,101,4,8,0.01
10,400,28,2,0.01
2,99,5,5,0.01
3,400,15,13,0.01
0,78,1,3,0.01
1,17,2,4,0.01
0,60,1,1,0.01
3,73,3,11,0.01
2,149,5,8,0.01
6,400,9,14,0.01
3,400,13,8,0.01
2,79,5,3,0.01
3,400,6,3,0.01
1,400,6,4,0.01
4,400,27,8,0.01
0,22,3,6,0.01
3,400,22,8,0.01
2,400,7,7,0.01
0,229,3,7,0.01
5,400,24,8,0.01
1,400,20,10,0.01
0,400,23,18,0.01
0,146,1,1,0.01
8,323,27,7,0.01
0,84,1,4,0.01
4,400,14,7,0.01
5,400,22,6,0.01
2,109,7,4,0.01
6,400,29,6,0.01
1,192,4,2,0.01
0,85,8,7,0.01
8,400,17,2,0.01
5,400,16,7,0.01
7,400,21,10,0.01
1,94,3,3,0.01
6,202,8,8,0.01
1,137,2,9,0.01
1,158,2,5,0.01
0,118,2,7,0.01
2,217,2,1,0.01
4,380,17,9,0.01
4,386,33,15,0.01
0,400,2,5,0.01
6,400,17,9,0.01
9,400,15,16,0.01
1,222,5,7,0.01
2,400,10,6,0.01
1,197,10,7,0.01
0,42,5,3,0.01
2,400,18,11,0.01
1,37,3,6,0.01
2,145,1,4,0.01
4,164,7,8,0.01
0,7,1,2,0.01
2,91,2,3,0.01
5,400,7,1,0.01
2,400,15,6,0.01
9,400,14,11,0.01
11,400,36,10,0.01
1,87,5,0,0.01
1,160,5,10,0.01
2,86,6,9,0.01
1,241,10,2,0.01
2,400,26,20,0.01
3,62,5,10,0.01
3,80,5,3,0.01
1,400,23,12,0.01
5,370,20,13,0.01
1,139,1,3,0.01
3,400,18,5,0.01
3,90,5,3,0.01
6,400,31,13,0.01
2,400,19,7,0.01
2,113,6,10,0.01
1,47,3,6,0.01
1,70,4,9,0.01
1,182,7,16,0.01
8,400,28,8,0.01
4,400,10,8,0.01
2,54,4,2,0.01
8,400,31,15,0.01
1,109,4,4,0.01
2,303,4,2,0.01
1,58,4,5,0.01
2,400,10,8,0.01
3,400,27,10,0.01
3,400,6,1,0.01
3,88,6,9,0.01
1,18,2,1,0.01
1,70,5,1,0.01
9,400,26,22,0.01
8,391,8,5,0.01
4,400,20,7,0.01
2,103,2,3,0.01
5,400,27,14,0.01
2,85,5,8,0.01
5,104,6,5,0.01
0,147,2,5,0.01
3,400,25,12,0.01
1,125,1,6,0.01
3,106,6,2,0.01
0,99,3,11,0.01
2,400,20,1,0.01
0,26,3,5,0.01
0,137,3,2,0.01
1,277,5,8,0.01
1,47,3,4,0.01
5,140,6,10,0.01
1,321,4,5,0.01
1,136,3,2,0.01
2,393,6,4,0.01
2,400,19,13,0.01
2,400,21,11,0.01
1,79,6,5,0.01
0,14,1,1,0.01
2,98,4,7,0.01
1,329,13,6,0.01
1,171,6,9,0.01
2,400,21,25,0.01
2,347,5,8,0.01
0,34,3,8,0.01
0,400,13,6,0.01
2,400,7,7,0.01
1,400,5,8,0.01
2,400,10,4,0.01
0,400,14,13,0.01
1,71,5,9,0.01
2,349,3,3,0.01
0,43,4,3,0.01
6,281,10,7,0.01
0,56,3,1,0.01
2,129,1,4,0.01
0,400,14,8,0.01
0,149,0,5,0.01
2,335,8,8,0.01
0,51,1,2,0.01
5,400,21,10,0.01
1,78,3,7,0.01
3,191,8,6,0.01
3,100,5,4,0.01
2,400,11,7,0.01
2,400,21,9,0.01
1,277,10,6,0.01
4,400,20,5,0.01
3,99,3,6,0.01
3,400,21,10,0.01
3,111,4,3,0.01
0,188,3,4,0.01
3,400,20,5,0.01
2,94,6,8,0.01
2,400,15,8,0.01
1,159,4,4,0.01
2,377,8,12,0.01
9,400,24,13,0.01
2,400,11,11,0.01
3,110,3,5,0.01
2,400,28,11,0.01
0,94,1,3,0.01
0,60,5,7,0.01
1,118,3,7,0.01
4,61,5,7,0.01
4,272,8,8,0.01
2,279,9,5,0.01
1,75,4,5,0.01
3,400,13,22,0.01
2,400,29,18,0.01
2,52,3,5,0.01
2,90,3,7,0.01
1,202,9,13,0.01
5,180,8,9,0.01
2,400,29,16,0.01
0,120,3,1,0.01
2,400,21,3,0.01
2,221,7,13,0.01
3,330,12,10,0.01
0,46,5,5,0.01
5,400,28,13,0.01
3,271,7,7,0.01
7,113,5,8,0.01
1,400,28,7,0.01
2,40,5,1,0.01
4,167,8,2,0.01
5,173,9,3,0.01
5,400,13,8,0.01
0,69,4,8,0.01
2,277,8,7,0.01
5,389,30,14,0.01
2,75,7,3,0.01
2,194,5,10,0.01
9,400,32,17,0.01
4,236,11,6,0.01
3,400,14,12,0.01
3,400,15,8,0.01
1,221,8,22,0.01
3,400,29,15,0.01
1,400,21,9,0.01
1,54,6,8,0.01
0,400,14,18,0.01
4,113,6,5,0.01
3,400,14,7,0.01
6,397,15,9,0.01
1,164,5,5,0.01
4,400,28,9,0.01
3,388,30,14,0.01
2,220,7,5,0.01
4,91,5,8,0.01
5,400,7,17,0.01
4,293,20,9,0.01
3,313,21,9,0.01
1,400,22,7,0.01
2,216,7,12,0.01
5,378,12,10,0.01
3,400,19,7,0.01
5,400,33,18,0.01
4,400,11,4,0.01
4,91,6,8,0.01
8,400,23,8,0.01
4,400,19,10,0.01
7,306,18,11,0.01
0,24,3,3,0.01
7,400,21,12,0.01
2,400,14,15,0.01
3,400,16,11,0.01
3,400,11,22,0.01
2,93,4,8,0.01
1,152,6,10,0.01
0,125,2,9,0.01
2,76,3,2,0.01
3,159,5,10,0.01
2,160,3,8,0.01
2,64,8,5,0.01
0,52,4,1,0.01
2,165,5,5,0.01
1,400,21,13,0.01
4,400,19,8,0.01
2,91,4,4,0.01
7,400,31,14,0.01
2,154,8,5,0.01
7,400,24,11,0.01
1,112,5,4,0.01
8,400,6,4,0.01
1,259,8,10,0.01
1,400,13,2,0.01
2,400,20,23,0.01
2,400,24,9,0.01
0,73,4,2,0.01
3,113,6,3,0.01
1,400,23,8,0.01
2,192,3,7,0.01
0,79,1,4,0.01
2,127,6,9,0.01
1,400,26,15,0.01
0,291,15,15,0.01
2,36,4,4,0.01
4,250,5,6,0.01
6,400,16,13,0.01
0,134,2,5,0.01
2,400,22,18,0.01
7,400,9,10,0.01
2,400,25,11,0.01
5,400,4,8,0.01
0,176,2,3,0.01
4,400,17,14,0.01
1,400,9,3,0.01
1,66,3,2,0.01
3,400,17,1,0.01
3,119,4,4,0.01
2,392,4,7,0.01
1,267,1,7,0.01
1,79,4,6,0.01
2,125,5,4,0.01
4,236,6,4,0.01
5,400,20,8,0.01
1,215,2,8,0.01
3,400,22,9,0.01
8,400,10,4,0.01
0,392,29,10,0.01
1,127,2,8,0.01
1,63,4,3,0.01
2,141,7,8,0.01
3,198,3,2,0.01
1,111,4,5,0.01
2,157,9,3,0.01
1,120,4,10,0.01
3,122,5,6,0.01
0,268,4,3,0.01
2,166,3,6,0.01
2,135,3,7,0.01
1,400,26,14,0.01
0,129,2,3,0.01
2,257,19,7,0.01
8,400,7,8,0.01
5,396,12,7,0.01
6,400,13,7,0.01
11,345,17,8,0.01
2,95,3,2,0.01
0,101,1,0,0.01
0,62,1,1,0.01
2,97,3,7,0.01
2,400,17,14,0.01
2,400,23,9,0.01
5,147,7,8,0.01
0,131,3,7,0.01
4,400,23,6,0.01
2,200,6,2,0.01
1,400,5,6,0.01
1,84,9,9,0.01
7,400,18,9,0.01
2,400,20,13,0.01
2,137,5,7,0.01
2,196,6,5,0.01
7,400,37,7,0.01
7,287,7,10,0.01
4,309,12,12,0.01
2,375,14,9,0.01
8,400,21,7,0.01
5,400,21,12,0.01
1,75,4,4,0.01
2,400,4,4,0.01
3,400,15,3,0.01
8,400,16,6,0.01
1,154,8,11,0.01
2,137,7,7,0.01
2,400,15,6,0.01
1,74,2,8,0.01
0,32,3,7,0.01
0,248,10,14,0.01
4,285,6,4,0.01
1,167,5,6,0.01
2,128,4,9,0.01
3,181,5,7,0.01
2,149,2,8,0.01
4,187,6,14,0.01
2,277,3,8,0.01
4,95,3,5,0.01
1,172,4,10,0.01
4,400,21,11,0.01
3,400,8,5,0.01
1,108,1,0,0.01
0,175,1,6,0.01
3,400,26,10,0.01
2,399,3,12,0.01
3,99,6,3,0.01
0,13,2,1,0.01
2,400,11,8,0.01
1,400,19,4,0.01
11,400,9,13,0.01
1,400,11,3,0.01
2,400,6,4,0.01
8,400,24,12,0.01
3,400,20,12,0.01
3,400,13,7,0.01
3,347,26,19,0.01
3,400,8,14,0.01
1,400,10,9,0.01
1,260,2,5,0.01
3,302,13,3,0.01
2,67,5,8,0.01
7,400,19,9,0.01
2,329,4,4,0.01
3,400,15,13,0.01
10,316,17,7,0.01
1,80,4,3,0.01
4,342,22,9,0.01
1,158,5,7,0.01
1,400,1,1,0.01
1,400,17,5,0.01
1,89,5,8,0.01
4,400,28,11,0.01
3,400,19,13,0.01
3,364,19,7,0.01
1,400,17,12,0.01
2,400,15,10,0.01
6,134,4,7,0.01
0,85,1,0,0.01
4,400,24,0,0.01
2,400,15,4,0.01
2,252,11,9,0.01
3,400,15,10,0.01
2,76,2,6,0.01
4,400,24,10,0.01
2,109,2,3,0.01
3,65,3,0,0.01
0,400,1,2,0.01
4,400,20,14,0.01
2,400,8,8,0.01
5,288,16,4,0.01
2,116,2,5,0.01
1,400,7,2,0.01
1,400,20,8,0.01
2,400,11,11,0.01
1,400,5,5,0.01
3,372,21,1,0.01
0,97,1,0,0.01
2,400,10,7,0.01
5,278,9,8,0.01
0,20,3,7,0.01
1,400,12,14,0.01
1,153,3,6,0.01
4,400,21,18,0.01
2,65,6,8,0.01
3,92,4,13,0.01
0,130,5,5,0.01
0,46,3,8,0.01
5,301,17,10,0.01
3,400,8,4,0.01
0,130,3,6,0.01
0,48,3,1,0.01
3,107,3,8,0.01
2,400,14,16,0.01
0,24,3,3,0.01
0,25,3,6,0.01
1,91,6,6,0.01
3,211,15,4,0.01
2,83,5,10,0.01
4,400,20,8,0.01
0,139,7,7,0.01
0,22,3,5,0.01
7,292,18,10,0.01
2,106,4,5,0.01
1,17,2,5,0.01
1,66,4,11,0.01
0,146,4,7,0.01
4,350,15,6,0.01
1,400,17,8,0.01
3,400,9,8,0.01
1,27,3,6,0.01
8,252,14,13,0.01
3,76,6,5,0.01
0,20,3,3,0.01
6,400,22,12,0.01
1,23,3,2,0.01
0,7,1,3,0.01
2,140,6,9,0.01
1,400,9,5,0.01
2,318,13,9,0.01
2,258,9,14,0.01
3,91,3,12,0.01
1,55,4,4,0.01
1,345,9,9,0.01
1,170,3,1,0.01
2,400,6,11,0.01
4,400,19,15,0.01
2,400,19,5,0.01
1,179,3,7,0.01
3,276,5,15,0.01
3,166,4,8,0.01
0,22,3,3,0.01
1,20,2,2,0.01
1,397,5,11,0.01
6,400,26,16,0.01
2,108,4,7,0.01
1,115,4,13,0.01
10,340,9,6,0.01
2,101,5,8,0.01
2,158,6,7,0.01
1,400,14,5,0.01
3,400,8,3,0.01
3,95,7,6,0.01
3,175,6,6,0.01
2,135,9,9,0.01
3,400,18,8,0.01
2,17,2,5,0.01
0,38,3,3,0.01
3,121,4,3,0.01
0,53,3,5,0.01
1,400,24,7,0.01
0,24,3,6,0.01
7,400,28,11,0.01
0,133,6,10,0.01
2,81,4,8,0.01
2,400,22,10,0.01
0,129,5,3,0.01
4,118,4,6,0.01
4,117,5,7,0.01
4,102,5,12,0.01
8,267,17,3,0.01
0,297,20,4,0.01
0,44,4,5,0.01
3,400,24,7,0.01
6,400,26,9,0.01
2,400,4,2,0.01
7,400,20,14,0.01
2,133,4,10,0.01
3,91,4,7,0.01
4,107,5,11,0.01
0,136,5,9,0.01
6,400,16,9,0.01
4,329,22,2,0.01
0,20,3,3,0.01
6,400,23,7,0.01
0,121,3,6,0.01
1,18,2,2,0.01
2,400,13,11,0.01
7,400,20,16,0.01
5,400,21,12,0.01
1,111,4,5,0.01
0,400,6,2,0.01
3,376,15,9,0.01
0,353,21,15,0.01
3,400,19,8,0.01
0,22,3,3,0.01
1,400,9,5,0.01
0,400,15,3,0.01
5,400,4,5,0.01
1,160,5,6,0.01
2,129,2,8,0.01
7,400,16,11,0.01
2,400,13,4,0.01
0,34,3,7,0.01
1,78,3,5,0.01
0,400,16,14,0.01
1,81,3,2,0.01
0,24,3,5,0.01
1,112,0,4,0.01
1,336,8,1,0.01
1,130,6,10,0.01
1,166,1,4,0.01
2,400,11,7,0.01
1,400,8,3,0.01
4,400,23,5,0.01
3,400,18,6,0.01
4,143,5,6,0.01
2,159,4,7,0.01
0,75,3,4,0.01
1,132,5,2,0.01
2,400,30,9,0.01
3,400,19,10,0.01
2,118,8,8,0.01
1,70,6,9,0.01
0,22,3,7,0.01
0,63,3,5,0.01
1,45,6,8,0.01
8,400,6,7,0.01
2,287,9,11,0.01
3,127,6,3,0.01
2,400,7,3,0.01
0,20,3,7,0.01
4,400,4,11,0.01
1,83,4,11,0.01
0,5,1,3,0.01
1,114,6,9,0.01
0,39,5,10,0.01
3,149,8,10,0.01
5,95,5,6,0.01
1,51,2,5,0.01
1,57,5,9,0.01
1,275,7,8,0.01
2,400,26,12,0.01
1,400,24,12,0.01
0,20,3,5,0.01
4,262,15,11,0.01
2,142,3,8,0.01
2,140,8,4,0.01
1,168,1,1,0.01
1,400,29,8,0.01
3,276,7,7,0.01
0,131,5,12,0.01
14,400,22,8,0.01
1,371,9,6,0.01
1,94,6,2,0.01
4,331,26,7,0.01
1,400,15,3,0.01
2,190,4,10,0.01
0,60,2,9,0.01
3,75,5,6,0.01
1,88,6,7,0.01
1,365,16,8,0.01
1,25,3,3,0.01
0,49,4,5,0.01
3,400,24,16,0.01
2,360,5,12,0.01
8,153,7,9,0.01
10,400,21,12,0.01
1,100,4,2,0.01
1,130,1,5,0.01
2,400,18,5,0.01
1,57,7,6,0.01
5,108,3,6,0.01
6,400,20,15,0.01
1,245,5,7,0.01
0,142,3,9,0.01
0,65,3,4,0.01
6,400,21,11,0.01
1,158,7,9,0.01
2,87,7,8,0.01
4,400,19,10,0.01
3,119,6,14,0.01
3,115,5,10,0.01
3,400,9,3,0.01
2,231,7,1,0.01
3,400,6,11,0.01
2,400,18,10,0.01
3,306,20,23,0.01
1,80,4,6,0.01
1,400,14,16,0.01
0,51,1,3,0.01
0,53,3,4,0.01
4,400,11,7,0.01
3,74,6,7,0.01
2,89,4,8,0.01
2,400,14,4,0.01
1,47,6,6,0.01
3,193,6,9,0.01
4,122,7,7,0.01
3,117,4,7,0.01
2,324,15,12,0.01
3,67,6,8,0.01
0,92,2,2,0.01
2,188,6,3,0.01
2,400,17,8,0.01
2,117,3,4,0.01
1,400,25,14,0.01
3,159,4,7,0.01
8,400,27,11,0.01
1,139,4,8,0.01
1,400,8,8,0.01
1,52,5,4,0.01
2,400,25,7,0.01
1,127,3,9,0.01
1,31,3,2,0.01
2,400,11,8,0.01
2,97,7,5,0.01
2,400,7,3,0.01
3,400,13,1,0.01
7,400,26,15,0.01
4,348,5,6,0.01
0,74,4,8,0.01
1,58,5,7,0.01
7,301,16,8,0.01
8,355,15,27,0.01
1,180,5,18,0.01
4,400,25,10,0.01
1,400,23,8,0.01
3,71,6,9,0.01
0,20,3,7,0.01
7,322,20,15,0.01
1,400,16,7,0.01
4,104,7,4,0.01
1,114,5,9,0.01
0,28,3,2,0.01
4,118,7,14,0.01
8,400,27,12,0.01
0,20,3,7,0.01
4,101,5,9,0.01
1,282,15,11,0.01
2,75,6,5,0.01
1,30,4,6,0.01
8,178,7,4,0.01
1,137,8,6,0.01
2,364,6,9,0.01
2,206,12,7,0.01
2,400,21,11,0.01
7,400,35,13,0.01
5,97,5,12,0.01
2,48,4,9,0.01
3,400,30,10,0.01
4,400,17,7,0.01
3,121,6,9,0.01
0,20,3,7,0.01
2,400,26,16,0.01
0,400,28,10,0.01
4,400,23,11,0.01
4,332,24,21,0.01
1,400,27,10,0.01
4,313,10,5,0.01
3,400,27,11,0.01
11,400,16,14,0.01
5,400,18,12,0.01
1,46,3,7,0.01
2,140,5,6,0.01
4,400,20,11,0.01
10,400,32,11,0.01
5,277,8,5,0.01
0,359,7,6,0.01
3,400,26,13,0.01
1,152,6,8,0.01
1,28,3,7,0.01
3,400,11,8,0.01
0,17,1,4,0.01
2,89,5,5,0.01
1,116,4,10,0.01
3,128,9,3,0.01
3,132,5,9,0.01
1,400,24,22,0.01
2,288,4,10,0.01
1,334,10,16,0.01
3,92,3,11,0.01
2,120,6,4,0.01
8,400,28,19,0.01
1,400,29,16,0.01
3,400,24,11,0.01
1,93,4,9,0.01
1,22,3,6,0.01
3,130,7,9,0.01
1,88,6,5,0.01
0,75,2,4,0.01
2,400,14,16,0.01
2,308,13,3,0.01
2,233,9,10,0.01
3,400,3,4,0.01
2,400,8,5,0.01
1,101,9,14,0.01
2,105,5,8,0.01
1,400,20,19,0.01
5,179,4,8,0.01
2,400,19,5,0.01
0,21,3,5,0.01
0,22,3,6,0.01
4,400,21,8,0.01
3,172,5,7,0.01
3,395,31,9,0.01
3,400,27,19,0.01
3,70,4,6,0.01
4,97,6,5,0.01
6,90,6,8,0.01
1,200,13,8,0.01
4,196,6,7,0.01
3,303,16,5,0.01
1,400,20,18,0.01
7,400,26,16,0.01
1,82,4,11,0.01
1,400,5,5,0.01
2,400,9,14,0.01
1,88,6,7,0.01
3,400,18,13,0.01
5,400,20,17,0.01
1,230,14,4,0.01
4,400,24,9,0.01
11,400,25,17,0.01
5,400,23,2,0.01
0,20,3,7,0.01
1,122,6,8,0.01
1,105,2,6,0.01
3,400,13,6,0.01
8,203,5,7,0.01
5,211,9,12,0.01
1,34,4,5,0.01
1,49,4,4,0.01
2,78,7,6,0.01
2,147,6,17,0.01
2,95,7,7,0.01
5,118,6,6,0.01
8,400,23,27,0.01
1,400,19,8,0.01
1,127,7,8,0.01
3,234,11,7,0.01
2,121,6,4,0.01
7,400,26,13,0.01
2,123,6,7,0.01
2,400,9,5,0.01
2,89,6,2,0.01
2,327,20,14,0.01
8,400,36,17,0.01
1,93,4,5,0.01
1,18,2,2,0.01
10,251,13,12,0.01
1,52,5,8,0.01
5,400,11,10,0.01
9,399,26,17,0.01
2,400,24,17,0.01
1,400,23,9,0.01
1,62,6,5,0.01
3,400,22,8,0.01
2,400,29,9,0.01
2,400,31,9,0.01
3,248,12,11,0.01
4,73,4,6,0.01
3,400,21,3,0.01
3,131,7,13,0.01
4,345,24,11,0.01
3,277,9,14,0.01
4,400,6,3,0.01
1,32,4,6,0.01
2,91,5,11,0.01
2,61,4,3,0.01
1,253,15,13,0.01
5,75,5,5,0.01
5,290,8,5,0.01
3,400,10,11,0.01
4,84,5,5,0.01
1,70,5,11,0.01
3,400,25,19,0.01
1,108,7,8,0.01
3,55,6,2,0.01
4,400,15,13,0.01
1,33,4,8,0.01
2,156,6,4,0.01
0,109,2,6,0.01
4,400,11,7,0.01
2,90,7,7,0.01
1,400,17,6,0.01
1,400,17,11,0.01
4,338,21,8,0.01
4,245,14,6,0.01
9,144,7,5,0.01
2,400,19,12,0.01
4,400,27,15,0.01
0,127,5,4,0.01
3,400,19,15,0.01
2,148,3,1,0.01
1,305,15,10,0.01
1,56,5,10,0.01
5,400,23,9,0.01
3,349,16,3,0.01
4,174,7,5,0.01
3,400,25,8,0.01
13,400,23,13,0.01
2,64,7,12,0.01
3,376,27,15,0.01
1,117,4,7,0.01
1,350,8,9,0.01
1,400,25,12,0.01
2,400,26,18,0.01
3,246,13,13,0.01
0,85,6,15,0.01
0,50,4,8,0.01
6,400,30,19,0.01
3,65,3,6,0.01
0,391,16,30,0.01
6,400,28,15,0.01
2,85,4,10,0.01
0,189,6,7,0.01
4,400,22,16,0.01
5,400,20,13,0.01
3,123,6,6,0.01
4,229,7,1,0.01
4,400,29,13,0.01
8,400,18,15,0.01
2,98,8,11,0.01
3,207,7,4,0.01
3,357,14,7,0.01
0,20,3,1,0.01
0,20,3,7,0.01
9,320,18,11,0.01
2,72,4,2,0.01
2,249,5,5,0.01
8,400,28,18,0.01
0,400,5,4,0.01
0,21,3,4,0.01
8,300,13,10,0.01
2,63,5,3,0.01
9,400,39,17,0.01
6,400,28,10,0.01
4,353,7,10,0.01
10,400,30,22,0.01
1,400,13,6,0.01
4,400,20,16,0.01
6,400,13,9,0.01
5,400,4,5,0.01
2,400,19,16,0.01
0,20,3,6,0.01
1,400,5,5,0.01
2,50,4,0,0.01
1,240,9,10,0.01
1,53,4,1,0.01
2,400,13,5,0.01
1,370,15,12,0.01
2,368,22,7,0.01
7,214,7,3,0.01
0,20,3,3,0.01
7,400,31,7,0.01
2,54,4,7,0.01
3,400,5,4,0.01
5,152,5,13,0.01
4,400,26,17,0.01
4,400,31,13,0.01
3,131,7,2,0.01
1,32,3,4,0.01
1,25,3,5,0.01
1,47,4,14,0.01
0,82,2,4,0.01
4,309,10,1,0.01
2,65,4,4,0.01
3,154,8,8,0.01
2,400,21,11,0.01
2,152,6,6,0.01
3,400,13,16,0.01
3,102,4,9,0.01
2,83,3,6,0.01
2,185,6,6,0.01
7,392,20,16,0.01
3,383,6,3,0.01
1,85,6,1,0.01
3,400,34,13,0.01
4,369,17,11,0.01
1,66,6,8,0.01
4,81,6,3,0.01
4,248,15,8,0.01
1,99,6,13,0.01
1,400,12,14,0.01
1,88,4,7,0.01
2,400,14,9,0.01
1,177,6,4,0.01
2,237,9,7,0.01
3,227,5,7,0.01
3,366,16,5,0.01
2,400,25,7,0.01
1,400,17,11,0.01
1,128,4,13,0.01
3,67,6,3,0.01
2,164,8,6,0.01
1,188,8,10,0.01
1,400,7,7,0.01
1,50,4,7,0.01
8,400,33,18,0.01
1,84,5,8,0.01
15,400,27,11,0.01
1,59,4,4,0.01
11,162,9,6,0.01
3,145,5,4,0.01
0,254,12,13,0.01
1,298,7,7,0.01
6,400,20,8,0.01
0,20,3,5,0.01
0,39,4,4,0.01
0,101,7,8,0.01
3,124,4,9,0.01
6,400,19,10,0.01
10,188,7,11,0.01
8,351,18,11,0.01
2,97,4,8,0.01
2,400,23,11,0.01
2,318,12,12,0.01
0,42,4,7,0.01
10,293,19,12,0.01
1,112,5,8,0.01
1,109,7,12,0.01
2,302,14,7,0.01
1,327,21,9,0.01
2,72,7,10,0.01
2,24,3,7,0.01
2,400,9,13,0.01
0,400,7,2,0.01
6,400,14,2,0.01
4,238,9,7,0.01
1,394,22,9,0.01
0,129,6,10,0.01
4,148,7,5,0.01
2,400,23,15,0.01
4,400,23,9,0.01
2,400,12,5,0.01
2,95,5,8,0.01
3,90,6,10,0.01
1,170,6,6,0.01
3,400,17,6,0.01
3,400,7,6,0.01
2,400,27,7,0.01
0,20,3,5,0.01
3,400,25,4,0.01
1,41,2,3,0.01
2,108,3,5,0.01
8,400,26,16,0.01
4,319,22,7,0.01
2,65,4,10,0.01
3,201,8,8,0.01
3,354,18,11,0.01
4,400,18,12,0.01
4,95,5,7,0.01
9,400,25,16,0.01
3,174,6,7,0.01
3,324,21,14,0.01
1,82,7,8,0.01
0,34,4,2,0.01
8,379,32,8,0.01
3,360,23,6,0.01
7,400,30,15,0.01
2,302,13,6,0.01
3,139,4,2,0.01
2,350,23,18,0.01
4,379,9,11,0.01
4,214,8,6,0.01
6,268,18,9,0.01
4,400,22,12,0.01
8,400,18,14,0.01
0,20,3,7,0.01
1,308,9,6,0.01
1,400,27,23,0.01
5,380,23,16,0.01
2,400,11,14,0.01
1,400,34,13,0.01
5,169,4,10,0.01
4,373,12,7,0.01
8,400,12,11,0.01
3,398,28,14,0.01
1,400,27,15,0.01
3,214,9,13,0.01
2,352,16,14,0.01
2,98,7,6,0.01
3,321,12,9,0.01
6,219,6,17,0.01
1,90,4,8,0.01
3,274,8,12,0.01
2,400,25,16,0.01
3,80,6,1,0.01
0,314,9,10,0.01
1,138,3,10,0.01
3,163,9,4,0.01
1,82,4,7,0.01
3,121,4,7,0.01
0,112,0,3,0.01
1,71,6,8,0.01
1,53,2,3,0.01
2,134,6,13,0.01
2,37,1,9,0.01
5,400,24,13,0.01
0,20,3,5,0.01
2,400,18,15,0.01
3,400,21,5,0.01
0,114,3,2,0.01
1,50,5,10,0.01
4,321,13,6,0.01
6,400,16,8,0.01
0,81,1,3,0.01
3,232,6,5,0.01
4,268,10,13,0.01
3,400,13,10,0.01
2,400,24,9,0.01
2,400,5,4,0.01
1,117,5,9,0.01
0,400,19,8,0.01
3,400,8,18,0.01
3,230,7,8,0.01
8,400,23,8,0.01
2,88,7,7,0.01
2,58,4,4,0.01
2,400,13,12,0.01
1,32,3,1,0.01
2,86,3,5,0.01
3,247,9,12,0.01
6,400,21,13,0.01
2,400,4,3,0.01
4,294,10,4,0.01
0,22,3,2,0.01
4,149,7,4,0.01
1,48,4,6,0.01
2,94,4,10,0.01
0,17,1,4,0.01
0,400,15,8,0.01
2,400,18,6,0.01
3,400,17,12,0.01
2,89,3,7,0.01
2,67,5,9,0.01
3,158,5,11,0.01
1,17,2,5,0.01
6,302,11,15,0.01
6,150,8,18,0.01
0,22,3,6,0.01
0,20,3,7,0.01
0,94,3,5,0.01
0,20,3,7,0.01
9,400,26,12,0.01
2,271,6,4,0.01
7,400,15,7,0.01
3,89,4,3,0.01
1,95,5,5,0.01
1,150,7,10,0.01
0,25,3,2,0.01
2,400,18,9,0.01
2,400,28,19,0.01
1,24,3,5,0.01
0,159,7,8,0.01
5,400,15,7,0.01
8,305,7,18,0.01
0,29,3,6,0.01
1,68,4,10,0.01
0,24,3,7,0.01
4,400,20,6,0.01
6,305,9,10,0.01
1,114,5,2,0.01
10,363,32,17,0.01
4,226,10,11,0.01
4,400,16,11,0.01
2,312,5,2,0.01
3,107,8,9,0.01
3,121,4,6,0.01
0,20,3,3,0.01
3,167,6,8,0.01
1,30,4,6,0.01
1,400,23,17,0.01
8,400,31,5,0.01
3,327,23,13,0.01
8,400,21,11,0.01
8,400,19,11,0.01
0,22,3,5,0.01
1,174,4,3,0.01
3,400,11,11,0.01
3,400,21,12,0.01
1,102,5,5,0.01
0,21,3,5,0.01
2,89,7,4,0.01
0,33,3,6,0.01
1,85,4,9,0.01
4,400,21,10,0.01
0,139,6,9,0.01
2,400,26,2,0.01
2,190,9,6,0.01
3,61,5,3,0.01
6,378,15,7,0.01
3,188,11,6,0.01
0,52,1,3,0.01
2,49,3,7,0.01
8,400,12,17,0.01
12,400,9,8,0.01
1,400,24,17,0.01
1,122,1,4,0.01
0,29,4,3,0.01
3,400,26,6,0.01
3,400,16,7,0.01
2,400,7,6,0.01
3,80,5,1,0.01
6,331,23,7,0.01
4,225,9,2,0.01
9,87,6,4,0.01
1,400,16,9,0.01
0,28,3,7,0.01
1,74,2,3,0.01
0,45,3,6,0.01
3,101,5,7,0.01
0,217,8,10,0.01
1,74,3,7,0.01
4,400,19,16,0.01
1,400,20,19,0.01
4,400,13,7,0.01
0,22,3,5,0.01
3,400,8,12,0.01
2,400,22,13,0.01
7,400,16,15,0.01
0,169,5,12,0.01
1,400,16,8,0.01
0,30,3,2,0.01
2,209,5,6,0.01
2,400,9,4,0.01
3,369,20,6,0.01
4,400,8,8,0.01
0,83,1,4,0.01
0,400,6,7,0.01
1,135,8,9,0.01
2,21,2,4,0.01
1,283,7,8,0.01
1,99,7,9,0.01
4,251,14,6,0.01
4,126,7,8,0.01
3,400,5,2,0.01
4,400,20,7,0.01
0,31,3,6,0.01
1,140,2,3,0.01
1,293,13,8,0.01
5,133,8,7,0.01
2,58,4,5,0.01
7,400,15,7,0.01
9,390,10,9,0.01
1,80,5,6,0.01
2,169,4,7,0.01
2,400,14,4,0.01
0,39,3,2,0.01
2,134,4,9,0.01
0,20,3,7,0.01
1,400,4,6,0.01
8,400,15,14,0.01
1,102,6,10,0.01
1,112,5,9,0.01
1,35,2,3,0.01
2,400,20,13,0.01
4,111,3,7,0.01
3,400,32,12,0.01
1,400,25,8,0.01
2,89,4,11,0.01
2,400,23,14,0.01
1,400,25,7,0.01
2,144,6,6,0.01
1,148,4,10,0.01
1,82,5,6,0.01
0,20,3,7,0.01
4,400,10,6,0.01
1,400,26,14,0.01
6,228,10,7,0.01
2,127,5,5,0.01
0,218,5,9,0.01
0,400,18,12,0.01
1,79,3,3,0.01
2,142,3,5,0.01
1,25,3,6,0.01
4,88,6,7,0.01
3,400,14,17,0.01
0,87,0,3,0.01
2,268,6,13,0.01
6,400,12,4,0.01
3,241,10,12,0.01
0,46,6,10,0.01
0,103,2,2,0.01
1,400,21,8,0.01
3,89,5,3,0.01
2,400,23,14,0.01
3,98,3,11,0.01
0,21,1,3,0.01
7,400,17,3,0.01
4,400,16,5,0.01
6,375,10,9,0.01
2,43,4,2,0.01
6,400,12,9,0.01
0,138,2,4,0.01
8,400,11,5,0.01
2,400,17,12,0.01
1,400,6,7,0.01
10,296,18,2,0.01
4,116,4,7,0.01
0,32,1,4,0.01
0,211,4,8,0.01
1,87,1,5,0.01
3,259,5,11,0.01
0,400,13,5,0.01
5,295,21,6,0.01
0,400,0,1,0.01
0,56,1,3,0.01
2,400,13,9,0.01
2,127,1,4,0.01
0,103,1,6,0.01
3,332,13,7,0.01
7,334,19,6,0.01
4,400,15,13,0.01
4,117,5,4,0.01
1,34,3,1,0.01
3,173,3,9,0.01
1,65,3,1,0.01
3,400,9,5,0.01
0,26,1,2,0.01
2,347,20,6,0.01
1,284,5,5,0.01
0,214,3,5,0.01
5,400,18,16,0.01
3,218,6,4,0.01
6,359,5,19,0.01
0,400,17,9,0.01
2,314,7,7,0.01
9,400,13,8,0.01
0,86,4,6,0.01
3,400,12,9,0.01
0,152,2,3,0.01
1,400,11,16,0.01
2,400,18,11,0.01
2,146,2,5,0.01
2,400,9,7,0.01
1,400,19,9,0.01
2,108,2,11,0.01
2,400,6,6,0.01
0,227,1,7,0.01
1,400,12,4,0.01
2,400,5,10,0.01
3,400,13,9,0.01
2,185,6,10,0.01
1,74,3,3,0.01
5,400,21,12,0.01
2,110,6,6,0.01
7,400,25,14,0.01
1,400,9,7,0.01
1,400,17,13,0.01
2,342,17,3,0.01
2,120,6,7,0.01
2,400,8,9,0.01
2,297,13,10,0.01
1,400,14,9,0.01
4,67,7,6,0.01
5,400,21,11,0.01
7,152,6,7,0.01
1,400,19,3,0.01
0,23,3,4,0.01
2,76,5,6,0.01
2,150,4,8,0.01
7,267,10,5,0.01
9,400,21,4,0.01
1,169,4,8,0.01
2,400,24,14,0.01
2,78,2,8,0.01
1,261,6,10,0.01
8,400,22,11,0.01
2,400,17,10,0.01
4,274,25,5,0.01
0,20,3,3,0.01
1,80,3,4,0.01
4,281,17,10,0.01
1,53,4,6,0.01
0,153,4,5,0.01
1,88,2,7,0.01
0,109,4,6,0.01
2,189,6,13,0.01
2,400,9,19,0.01
0,400,13,21,0.01
0,60,7,3,0.01
2,323,15,15,0.01
1,31,2,2,0.01
2,99,6,4,0.01
0,38,4,7,0.01
2,100,3,5,0.01
1,373,9,5,0.01
0,82,1,1,0.01
3,400,10,14,0.01
1,240,1,8,0.01
2,400,27,12,0.01
0,338,11,7,0.01
0,88,1,1,0.01
3,400,27,10,0.01
1,125,3,5,0.01
3,228,14,15,0.01
2,376,10,7,0.01
2,78,3,5,0.01
2,400,6,6,0.01
1,60,5,5,0.01
1,37,3,6,0.01
3,400,19,10,0.01
0,17,2,6,0.01
2,355,32,14,0.01
0,28,4,8,0.01
2,52,2,3,0.01
1,103,4,12,0.01
5,382,12,11,0.01
3,154,6,3,0.01
8,400,31,13,0.01
3,400,26,7,0.01
10,400,28,17,0.01
5,400,25,21,0.01
2,400,6,4,0.01
3,98,5,5,0.01
2,104,6,6,0.01
5,334,6,3,0.01
2,400,17,15,0.01
8,400,26,29,0.01
5,339,25,13,0.01
2,400,20,11,0.01
4,336,7,4,0.01
5,400,26,11,0.01
4,400,23,11,0.01
2,400,5,7,0.01
2,32,4,5,0.01
3,203,7,10,0.01
1,400,8,7,0.01
3,400,5,3,0.01
3,274,6,8,0.01
1,128,4,7,0.01
6,348,20,15,0.01
5,400,19,17,0.01
1,99,5,10,0.01
2,400,18,18,0.01
2,400,22,23,0.01
4,370,25,17,0.01
4,363,19,18,0.01
6,400,26,10,0.01
3,335,22,23,0.01
2,285,8,8,0.01
6,90,5,10,0.01
1,46,4,6,0.01
6,318,5,9,0.01
3,288,8,17,0.01
2,400,17,11,0.01
3,133,4,8,0.01
1,400,12,8,0.01
3,400,27,10,0.01
0,68,4,6,0.01
1,115,5,7,0.01
6,400,13,10,0.01
1,214,7,8,0.01
2,400,25,8,0.01
1,30,4,6,0.01
2,96,5,10,0.01
1,400,3,6,0.01
1,71,4,6,0.01
3,400,21,20,0.01
5,345,21,23,0.01
3,400,35,14,0.01
3,400,29,22,0.01
8,400,24,13,0.01
1,179,8,10,0.01
3,400,10,4,0.01
3,122,6,5,0.01
4,400,26,16,0.01
2,41,3,5,0.01
1,72,6,8,0.01
0,39,5,6,0.01
1,111,6,3,0.01
1,400,23,4,0.01
4,400,28,13,0.01
3,95,5,10,0.01
5,170,6,4,0.01
2,210,6,11,0.01
0,15,2,3,0.01
2,111,2,42,0.01
1,132,6,8,0.01
5,195,8,14,0.01
2,400,19,9,0.01
1,19,2,5,0.01
8,359,27,20,0.01
4,400,21,12,0.01
0,400,18,1,0.01
0,400,32,11,0.01
4,400,15,3,0.01
3,333,24,14,0.01
0,65,3,6,0.01
3,294,9,10,0.01
3,400,25,12,0.01
0,400,18,7,0.01
2,109,4,7,0.01
1,36,5,9,0.01
4,400,27,9,0.01
1,147,7,5,0.01
1,44,4,5,0.01
5,383,19,6,0.01
1,53,4,6,0.01
1,125,7,9,0.01
2,400,26,10,0.01
0,49,2,4,0.01
1,400,12,6,0.01
2,400,29,14,0.01
3,112,7,7,0.01
1,32,4,2,0.01
1,110,3,5,0.01
1,400,25,13,0.01
0,152,7,8,0.01
4,400,33,8,0.01
3,185,9,12,0.01
2,400,27,12,0.01
4,292,8,13,0.01
2,400,21,17,0.01
3,69,6,9,0.01
3,217,10,6,0.01
3,98,5,9,0.01
8,400,26,7,0.01
1,142,6,8,0.01
3,400,10,6,0.01
1,18,2,2,0.01
6,400,32,20,0.01
0,52,6,9,0.01
3,400,15,13,0.01
5,376,37,29,0.01
3,400,20,18,0.01
6,142,6,5,0.01
3,400,6,4,0.01
2,400,14,12,0.01
3,400,38,30,0.01
1,27,3,3,0.01
5,400,24,10,0.01
3,400,22,6,0.01
0,400,13,16,0.01
2,362,12,7,0.01
1,392,19,11,0.01
2,62,6,11,0.01
3,45,4,4,0.01
3,201,8,8,0.01
2,397,12,11,0.01
2,165,5,6,0.01
1,400,31,15,0.01
1,400,20,8,0.01
3,117,4,6,0.01
0,21,3,6,0.01
1,25,3,6,0.01
1,24,3,3,0.01
9,164,7,12,0.01
4,400,28,14,0.01
3,400,20,19,0.01
1,26,3,4,0.01
0,87,5,5,0.01
4,124,9,5,0.01
2,39,4,5,0.01
3,102,7,10,0.01
9,400,16,7,0.01
0,20,3,5,0.01
0,68,6,12,0.01
2,398,21,19,0.01
2,60,3,5,0.01
2,113,7,12,0.01
1,400,18,14,0.01
1,106,6,13,0.01
1,67,6,9,0.01
7,388,29,28,0.01
4,138,8,5,0.01
3,147,6,10,0.01
3,142,9,8,0.01
0,50,6,2,0.01
2,272,10,14,0.01
3,400,23,15,0.01
2,134,7,3,0.01
0,100,5,8,0.01
0,86,6,12,0.01
2,192,9,19,0.01
4,400,17,6,0.01
2,92,6,8,0.01
5,140,8,9,0.01
3,400,24,21,0.01
1,400,23,4,0.01
2,323,21,11,0.01
2,400,10,10,0.01
3,115,6,7,0.01
3,400,26,17,0.01
4,98,4,6,0.01
1,113,4,6,0.01
3,400,4,3,0.01
1,152,3,6,0.01
4,84,4,4,0.01
2,96,6,8,0.01
1,38,4,6,0.01
5,400,29,6,0.01
1,195,7,9,0.01
3,400,27,8,0.01
1,31,4,3,0.01
2,400,28,12,0.01
1,400,30,11,0.01
3,400,30,17,0.01
6,400,23,15,0.01
3,97,4,7,0.01
4,74,7,9,0.01
3,140,7,9,0.01
5,400,8,10,0.01
3,400,22,6,0.01
1,400,19,8,0.01
1,105,2,7,0.01
10,400,24,14,0.01
3,400,23,6,0.01
0,20,3,3,0.01
4,393,23,12,0.01
1,80,7,17,0.01
2,291,5,8,0.01
0,54,1,6,0.01
1,400,25,10,0.01
1,85,5,8,0.01
1,91,5,9,0.01
2,400,26,3,0.01
2,400,31,11,0.01
4,400,22,27,0.01
1,400,32,15,0.01
1,86,5,5,0.01
3,92,9,8,0.01
0,72,5,3,0.01
1,126,8,6,0.01
5,108,6,9,0.01
1,113,5,4,0.01
2,400,19,7,0.01
0,55,4,5,0.01
4,400,21,21,0.01
2,50,5,1,0.01
2,111,7,14,0.01
0,49,7,11,0.01
8,323,11,18,0.01
6,400,23,21,0.01
1,400,17,8,0.01
2,43,3,7,0.01
4,132,3,5,0.01
1,24,3,1,0.01
2,325,22,14,0.01
1,23,3,0,0.01
2,165,2,8,0.01
5,400,23,6,0.01
2,400,25,12,0.01
1,64,4,4,0.01
0,121,1,5,0.01
0,400,12,11,0.01
4,400,22,14,0.01
1,400,4,11,0.01
2,52,5,5,0.01
1,165,5,4,0.01
2,136,4,3,0.01
0,400,17,5,0.01
2,182,12,10,0.01
0,30,3,1,0.01
2,66,3,7,0.01
3,400,21,5,0.01
2,150,7,10,0.01
4,400,28,13,0.01
0,136,4,6,0.01
0,21,3,6,0.01
2,57,4,4,0.01
0,62,1,5,0.01
2,157,12,10,0.01
3,240,4,2,0.01
2,400,25,11,0.01
0,20,3,6,0.01
4,356,13,7,0.01
10,400,26,17,0.01
1,300,10,12,0.01
2,154,3,16,0.01
5,400,15,18,0.01
3,146,6,9,0.01
2,167,7,1,0.01
2,64,4,7,0.01
3,107,5,1,0.01
1,374,21,6,0.01
4,400,12,8,0.01
1,121,8,8,0.01
0,22,3,7,0.01
2,338,16,17,0.01
1,67,4,3,0.01
0,400,8,7,0.01
1,400,24,9,0.01
2,105,7,4,0.01
5,257,12,6,0.01
3,400,9,5,0.01
2,106,6,7,0.01
2,118,8,6,0.01
3,400,18,14,0.01
4,371,34,18,0.01
3,119,6,1,0.01
3,400,19,8,0.01
0,400,28,9,0.01
3,216,9,8,0.01
2,400,27,15,0.01
3,86,6,6,0.01
1,103,4,6,0.01
2,400,19,9,0.01
1,310,19,12,0.01
1,57,4,4,0.01
3,400,29,13,0.01
0,109,5,7,0.01
2,120,6,10,0.01
3,335,18,5,0.01
1,47,6,4,0.01
0,400,19,12,0.01
0,149,4,7,0.01
6,400,17,16,0.01
2,400,18,15,0.01
2,217,7,5,0.01
4,400,24,14,0.01
2,311,16,18,0.01
8,306,21,13,0.01
1,76,6,8,0.01
1,76,5,5,0.01
5,400,21,21,0.01
11,400,24,12,0.01
1,90,5,14,0.01
3,67,7,1,0.01
3,400,25,11,0.01
6,116,10,11,0.01
3,310,7,13,0.01
2,206,5,8,0.01
6,400,17,6,0.01
1,400,20,16,0.01
9,314,16,10,0.01
4,75,5,9,0.01
3,400,22,14,0.01
2,400,23,13,0.01
2,20,2,3,0.01
2,78,6,8,0.01
9,400,28,9,0.01
0,60,6,7,0.01
2,179,6,9,0.01
3,400,24,15,0.01
1,400,23,11,0.01
4,400,15,5,0.01
1,107,5,10,0.01
0,5,1,2,0.01
2,400,18,9,0.01
2,400,10,10,0.01
4,400,25,12,0.01
2,400,14,6,0.01
0,28,4,4,0.01
8,400,37,15,0.01
4,127,7,6,0.01
3,400,29,14,0.01
4,206,10,5,0.01
5,102,7,8,0.01
9,400,27,14,0.01
0,400,24,17,0.01
3,116,6,8,0.01
1,400,5,6,0.01
9,400,22,3,0.01
2,400,18,14,0.01
1,400,6,3,0.01
1,99,7,9,0.01
0,33,3,6,0.01
2,400,29,9,0.01
2,199,5,25,0.01
4,400,16,15,0.01
3,240,9,3,0.01
1,71,6,12,0.01
1,253,8,8,0.01
2,301,15,3,0.01
2,400,32,13,0.01
4,400,21,19,0.01
1,128,4,4,0.01
1,400,25,16,0.01
2,129,6,5,0.01
1,400,29,11,0.01
3,130,7,12,0.01
3,343,14,21,0.01
0,116,5,6,0.01
0,400,12,7,0.01
0,104,5,8,0.01
3,222,15,7,0.01
4,336,6,5,0.01
3,400,19,13,0.01
1,112,5,9,0.01
0,22,3,3,0.01
1,106,4,7,0.01
2,194,8,4,0.01
0,57,1,1,0.01
4,400,10,4,0.01
6,400,13,10,0.01
1,177,11,11,0.01
1,59,3,3,0.01
1,74,6,6,0.01
0,102,3,6,0.01
1,26,3,4,0.01
7,400,36,23,0.01
2,400,5,8,0.01
1,333,20,16,0.01
2,127,7,7,0.01
1,71,8,6,0.01
1,145,4,8,0.01
1,400,14,21,0.01
1,33,3,2,0.01
4,400,16,19,0.01
2,400,22,22,0.01
2,79,5,5,0.01
3,110,6,7,0.01
3,400,24,15,0.01
1,60,5,9,0.01
2,100,5,5,0.01
0,22,3,7,0.01
0,37,4,8,0.01
2,110,7,13,0.01
0,182,5,7,0.01
1,33,3,2,0.01
1,74,5,3,0.01
3,340,17,13,0.01
4,400,26,7,0.01
2,89,4,5,0.01
1,85,8,6,0.01
1,286,11,9,0.01
2,136,8,9,0.01
2,51,6,6,0.01
5,400,19,12,0.01
2,122,6,2,0.01
5,245,10,15,0.01
2,400,5,5,0.01
3,203,7,14,0.01
0,22,3,7,0.01
0,68,4,4,0.01
5,400,24,12,0.01
1,82,6,7,0.01
0,101,9,11,0.01
2,400,21,20,0.01
4,400,19,13,0.01
1,400,12,5,0.01
4,254,5,10,0.01
7,400,19,14,0.01
4,400,26,7,0.01
1,319,6,1,0.01
4,400,12,11,0.01
2,98,4,7,0.01
1,96,5,7,0.01
2,295,5,7,0.01
7,400,26,11,0.01
0,400,27,11,0.01
4,287,15,5,0.01
0,118,4,5,0.01
8,400,28,5,0.01
1,73,4,3,0.01
4,400,21,18,0.01
1,152,8,6,0.01
7,400,26,14,0.01
5,352,20,6,0.01
1,400,29,19,0.01
1,73,4,1,0.01
9,400,22,4,0.01
3,104,6,8,0.01
2,74,4,7,0.01
0,32,3,4,0.01
3,400,24,9,0.01
1,170,2,3,0.01
2,152,8,5,0.01
3,400,24,10,0.01
4,346,12,11,0.01
2,400,25,10,0.01
1,47,2,4,0.01
4,400,22,13,0.01
4,400,12,7,0.01
2,172,3,5,0.01
1,34,3,1,0.01
2,400,14,25,0.01
2,54,4,5,0.01
1,75,3,4,0.01
0,133,8,6,0.01
0,48,4,11,0.01
2,400,27,7,0.01
0,102,0,5,0.01
1,400,11,7,0.01
1,68,3,4,0.01
8,400,22,12,0.01
3,400,7,13,0.01
3,399,25,13,0.01
4,400,20,14,0.01
2,342,10,15,0.01
4,400,27,11,0.01
3,269,13,5,0.01
1,400,23,14,0.01
2,400,18,7,0.01
3,129,7,4,0.01
1,55,5,3,0.01
6,400,41,15,0.01
4,400,31,8,0.01
0,353,8,12,0.01
4,400,27,11,0.01
3,400,19,9,0.01
3,114,7,9,0.01
1,400,22,16,0.01
2,400,16,10,0.01
0,23,3,6,0.01
0,400,22,9,0.01
10,325,15,3,0.01
2,400,12,7,0.01
9,400,15,6,0.01
3,400,21,13,0.01
7,400,26,22,0.01
7,400,15,11,0.01
3,164,7,5,0.01
0,135,2,5,0.01
0,22,3,3,0.01
1,247,9,15,0.01
2,312,8,5,0.01
4,110,3,5,0.01
1,400,7,10,0.01
1,400,24,11,0.01
4,148,6,10,0.01
2,400,10,15,0.01
8,400,28,16,0.01
1,400,8,4,0.01
3,99,4,8,0.01
8,400,10,2,0.01
2,400,19,11,0.01
4,400,24,17,0.01
3,400,19,8,0.01
1,400,25,19,0.01
8,374,20,24,0.01
1,275,17,10,0.01
1,400,30,6,0.01
4,400,20,10,0.01
2,162,4,3,0.01
0,281,3,8,0.01
4,400,21,16,0.01
6,400,29,9,0.01
4,380,22,11,0.01
5,223,11,13,0.01
1,400,14,4,0.01
7,400,23,7,0.01
1,158,5,7,0.01
8,400,24,14,0.01
3,69,6,2,0.01
1,133,2,7,0.01
2,400,5,11,0.01
3,87,4,5,0.01
9,400,21,7,0.01
1,59,4,9,0.01
4,380,31,10,0.01
8,400,27,19,0.01
4,400,28,19,0.01
4,149,7,7,0.01
3,88,5,8,0.01
0,43,6,3,0.01
1,18,2,5,0.01
1,228,7,5,0.01
3,121,6,3,0.01
1,49,5,7,0.01
0,22,3,2,0.01
4,172,3,3,0.01
3,400,27,12,0.01
2,83,8,11,0.01
3,181,8,9,0.01
2,400,6,9,0.01
3,308,10,4,0.01
0,20,3,4,0.01
2,400,28,12,0.01
3,400,21,13,0.01
2,400,21,10,0.01
1,51,4,9,0.01
4,374,19,15,0.01
2,89,5,5,0.01
3,278,12,8,0.01
3,73,6,5,0.01
12,400,19,6,0.01
2,400,9,12,0.01
4,308,13,14,0.01
0,60,4,2,0.01
0,400,11,8,0.01
0,13,1,3,0.01
4,400,20,14,0.01
0,113,2,4,0.01
2,400,12,12,0.01
4,371,15,7,0.01
6,400,29,1,0.01
1,177,4,7,0.01
8,400,23,20,0.01
2,400,8,9,0.01
0,109,3,7,0.01
1,50,5,7,0.01
2,106,3,9,0.01
1,174,2,2,0.01
0,400,26,14,0.01
2,260,9,12,0.01
1,68,2,1,0.01
1,316,28,19,0.01
1,68,5,3,0.01
1,56,5,3,0.01
7,287,9,10,0.01
3,87,7,3,0.01
1,400,18,10,0.01
15,400,30,13,0.01
1,67,6,2,0.01
1,67,7,3,0.01
1,116,8,12,0.01
1,400,28,16,0.01
1,329,14,16,0.01
1,399,23,4,0.01
2,127,7,12,0.01
4,136,4,12,0.01
1,359,5,5,0.01
3,317,9,10,0.01
2,295,10,14,0.01
2,299,18,14,0.01
4,400,24,15,0.01
1,400,20,8,0.01
3,400,18,14,0.01
12,400,26,19,0.01
2,400,25,11,0.01
10,400,19,12,0.01
1,110,3,6,0.01
3,374,16,15,0.01
4,114,5,1,0.01
6,400,5,10,0.01
8,400,8,5,0.01
2,400,5,5,0.01
3,94,5,4,0.01
8,400,19,7,0.01
3,231,9,7,0.01
0,400,16,8,0.01
4,400,13,5,0.01
3,400,20,8,0.01
1,389,14,18,0.01
4,79,6,10,0.01
1,148,5,4,0.01
5,400,23,7,0.01
1,400,8,6,0.01
3,400,27,17,0.01
7,400,25,9,0.01
2,400,12,8,0.01
1,60,3,5,0.01
7,400,22,10,0.01
3,400,22,11,0.01
11,400,25,7,0.01
4,365,20,22,0.01
7,188,7,6,0.01
3,400,23,8,0.01
0,27,4,5,0.01
4,400,20,12,0.01
2,288,7,5,0.01
4,156,6,6,0.01
3,383,20,10,0.01
1,53,4,6,0.01
0,316,8,6,0.01
3,117,7,10,0.01
4,400,19,14,0.01
1,73,6,8,0.01
2,133,3,7,0.01
2,72,7,4,0.01
2,400,24,6,0.01
0,23,3,2,0.01
3,89,3,6,0.01
0,106,1,6,0.01
2,239,11,11,0.01
2,387,19,12,0.01
1,163,2,8,0.01
1,105,5,5,0.01
3,131,6,4,0.01
1,400,26,5,0.01
1,55,5,7,0.01
3,400,17,7,0.01
2,400,22,7,0.01
3,92,6,10,0.01
3,134,6,6,0.01
4,69,6,11,0.01
3,400,33,7,0.01
3,400,9,8,0.01
0,81,5,8,0.01
1,400,16,5,0.01
3,375,22,5,0.01
7,400,32,13,0.01
2,400,32,11,0.01
1,327,12,6,0.01
1,71,4,6,0.01
0,27,4,8,0.01
0,20,3,4,0.01
1,299,10,15,0.01
1,132,4,10,0.01
0,29,4,4,0.01
2,133,5,0,0.01
4,79,3,6,0.01
0,68,6,4,0.01
4,53,3,9,0.01
1,302,6,6,0.01
2,400,24,12,0.01
4,400,8,15,0.01
2,153,6,5,0.01
0,78,4,2,0.01
3,113,8,7,0.01
1,32,4,5,0.01
4,312,9,14,0.01
2,242,5,7,0.01
1,400,23,12,0.01
2,234,8,6,0.01
0,279,13,4,0.01
0,20,3,2,0.01
0,149,1,18,0.01
7,325,6,11,0.01
7,337,12,8,0.01
1,286,11,14,0.01
0,400,8,2,0.01
1,400,13,13,0.01
1,141,6,7,0.01
2,400,14,16,0.01
0,20,3,6,0.01
2,175,7,9,0.01
1,400,22,15,0.01
2,145,6,4,0.01
1,400,26,7,0.01
0,11,1,4,0.01
0,400,3,7,0.01
2,400,31,11,0.01
4,90,4,5,0.01
1,120,6,8,0.01
4,338,26,13,0.01
1,216,7,14,0.01
9,400,27,8,0.01
4,195,11,11,0.01
1,34,4,4,0.01
0,13,2,3,0.01
0,20,3,2,0.01
4,400,18,9,0.01
2,400,22,8,0.01
0,20,3,6,0.01
3,133,4,4,0.01
5,400,19,9,0.01
1,333,19,18,0.01
3,99,4,8,0.01
1,303,13,12,0.01
3,81,5,4,0.01
0,20,3,4,0.01
1,253,10,4,0.01
0,20,3,4,0.01
3,146,6,7,0.01
2,400,28,5,0.01
3,400,12,8,0.01
7,257,16,7,0.01
1,36,2,4,0.01
0,37,3,5,0.01
4,107,4,8,0.01
3,400,24,13,0.01
3,400,29,7,0.01
2,166,7,11,0.01
2,400,6,4,0.01
2,400,17,2,0.01
5,328,21,5,0.01
2,140,4,9,0.01
2,93,8,11,0.01
4,400,13,12,0.01
3,400,14,11,0.01
4,309,10,10,0.01
4,115,5,7,0.01
3,142,5,5,0.01
3,144,5,8,0.01
2,60,7,5,0.01
0,63,4,5,0.01
1,55,5,5,0.01
2,400,23,10,0.01
4,101,5,4,0.01
7,316,17,14,0.01
4,400,24,14,0.01
1,80,5,8,0.01
4,400,19,8,0.01
4,400,19,7,0.01
2,378,21,11,0.01
4,173,8,7,0.01
0,122,9,8,0.01
3,104,6,6,0.01
2,274,11,4,0.01
3,400,26,10,0.01
0,142,8,11,0.01
0,21,3,4,0.01
1,79,6,11,0.01
3,400,8,8,0.01
1,113,1,0,0.01
0,154,5,6,0.01
1,153,5,14,0.01
4,273,13,6,0.01
1,400,7,6,0.01
0,53,4,10,0.01
1,197,8,7,0.01
1,400,11,11,0.01
Score,Steps,Bombs_placed,Invalid_moves,Epsilon
Score,Steps,Bombs_placed,Invalid_moves,Epsilon
Score,Steps,Bombs_placed,Invalid_moves,Epsilon
Score,Steps,Bombs_placed,Invalid_moves,Epsilon
Score,Steps,Bombs_placed,Invalid_moves,Epsilon
