Score,Steps,Bombs_placed,Invalid_moves,Epsilon
1,8,1,3,0.87
1,19,1,7,0.8
0,11,1,6,0.77
3,26,1,10,0.7
0,8,1,1,0.68
1,11,1,3,0.65
0,8,1,3,0.63
1,5,1,2,0.62
4,35,2,15,0.56
1,12,1,7,0.54
0,9,1,6,0.53
1,16,1,5,0.51
2,14,1,6,0.49
1,6,1,4,0.49
0,6,1,2,0.48
2,11,1,4,0.46
2,29,1,11,0.44
0,15,1,9,0.43
0,48,1,14,0.39
1,7,1,2,0.38
1,12,1,7,0.38
0,12,1,6,0.37
0,6,1,3,0.37
0,7,1,6,0.36
1,33,1,16,0.34
0,7,1,2,0.33
1,14,1,4,0.32
2,50,1,26,0.3
1,27,1,7,0.29
0,7,1,4,0.29
0,12,1,8,0.28
0,5,1,4,0.28
0,9,1,5,0.27
4,67,1,19,0.25
1,5,1,3,0.25
0,6,1,1,0.24
7,87,1,32,0.22
4,63,1,23,0.2
1,20,1,10,0.2
3,67,2,26,0.19
5,51,1,20,0.18
7,70,2,25,0.17
5,82,1,31,0.16
4,28,1,9,0.16
6,121,2,54,0.14
3,37,1,14,0.14
0,9,1,3,0.14
2,20,1,2,0.14
9,215,1,65,0.12
0,13,1,8,0.12
Score,Steps,Bombs_placed,Invalid_moves,Epsilon
0,8,1,3,0.87
0,5,1,1,0.85
2,15,1,3,0.79
1,11,1,6,0.76
2,39,1,14,0.66
1,7,1,5,0.65
3,46,2,11,0.58
0,7,1,4,0.57
0,8,1,3,0.56
2,20,1,5,0.53
2,26,1,10,0.52
0,7,1,3,0.5
0,11,1,2,0.49
1,11,1,3,0.48
0,5,1,3,0.47
0,6,1,4,0.46
1,14,1,6,0.45
1,11,1,4,0.44
0,9,1,4,0.43
0,6,1,1,0.42
1,70,2,23,0.37
2,28,1,10,0.34
1,11,1,3,0.33
0,10,1,2,0.33
0,10,1,2,0.32
1,16,1,4,0.31
2,7,1,2,0.3
3,33,1,5,0.29
1,18,1,4,0.29
0,6,1,4,0.29
0,20,1,5,0.28
0,7,1,4,0.27
3,46,2,19,0.25
3,49,1,19,0.24
3,105,1,36,0.21
10,48,1,15,0.2
3,58,1,31,0.2
2,25,2,13,0.19
1,15,1,8,0.19
5,88,1,37,0.17
4,44,1,16,0.16
3,16,1,5,0.16
2,11,1,5,0.16
7,47,1,15,0.15
23,272,5,87,0.13
1,7,1,3,0.13
1,22,1,11,0.13
14,397,6,139,0.1
1,33,1,7,0.1
10,137,2,47,0.09
4,41,1,16,0.09
3,48,1,24,0.09
18,150,1,50,0.08
2,47,1,24,0.08
11,93,1,41,0.07
4,31,1,12,0.07
10,103,1,30,0.07
2,61,1,11,0.07
27,296,2,57,0.06
4,39,1,7,0.06
2,13,1,5,0.06
5,36,1,5,0.06
16,125,2,7,0.06
7,54,1,3,0.05
7,48,1,3,0.05
13,106,1,5,0.05
6,128,3,23,0.05
1,8,1,3,0.05
15,250,1,68,0.05
3,138,1,54,0.05
3,116,1,38,0.04
3,71,1,24,0.04
5,80,1,28,0.04
1,42,1,27,0.04
6,80,1,30,0.04
1,16,1,10,0.04
10,290,1,112,0.04
1,30,1,11,0.04
22,400,1,49,0.04
6,86,1,12,0.03
21,400,0,44,0.03
18,246,1,36,0.03
24,400,1,55,0.03
16,400,0,69,0.03
25,400,1,40,0.03
21,400,1,31,0.03
18,400,0,72,0.02
8,60,1,9,0.02
8,146,1,23,0.02
28,400,0,43,0.02
3,124,1,38,0.02
17,400,0,112,0.02
6,72,2,14,0.02
10,373,1,67,0.02
28,400,0,0,0.02
24,302,1,3,0.02
25,400,0,2,0.02
30,400,0,4,0.02
18,400,0,2,0.02
18,219,2,1,0.5
0,5,1,3,0.49
3,19,2,2,0.47
11,60,3,4,0.42
2,11,1,2,0.41
4,26,1,5,0.39
2,18,1,3,0.38
0,6,1,0,0.37
2,17,1,1,0.36
11,116,5,11,0.3
0,5,1,0,0.29
0,6,1,1,0.29
1,12,1,2,0.29
2,24,1,2,0.28
8,33,1,3,0.26
4,29,1,5,0.26
11,88,2,5,0.23
16,194,4,4,0.19
7,37,1,1,0.18
10,74,2,5,0.17
28,275,9,9,0.13
13,75,1,3,0.13
30,209,4,4,0.12
3,19,1,0,0.12
13,61,2,2,0.11
13,34,2,2,0.11
12,66,1,4,0.1
26,171,1,5,0.09
26,311,2,3,0.08
42,400,1,6,0.07
8,98,1,0,0.07
41,317,3,4,0.06
10,39,1,2,0.06
3,81,1,2,0.06
48,400,6,6,0.06
47,372,4,4,0.05
9,80,1,1,0.05
49,255,1,1,0.05
49,358,0,6,0.04
5,124,1,0,0.04
44,268,5,1,0.04
19,87,1,2,0.04
45,400,2,7,0.03
36,206,1,1,0.03
Score,Steps,Bombs_placed,Invalid_moves,Epsilon
1,14,1,6,0.84
0,7,1,2,0.81
2,11,1,2,0.77
1,9,1,3,0.74
0,6,1,1,0.74
0,5,1,2,0.73
1,8,1,1,0.71
1,6,1,2,0.69
1,14,1,4,0.66
0,6,1,1,0.65
0,5,1,3,0.64
1,5,1,1,0.63
0,6,1,1,0.62
1,22,1,7,0.59
1,7,1,4,0.57
2,6,1,1,0.56
0,6,1,1,0.56
2,13,1,5,0.54
1,9,1,2,0.53
2,7,1,4,0.52
0,7,1,4,0.52
1,18,1,8,0.5
2,5,1,2,0.49
0,8,1,2,0.48
0,13,1,3,0.47
2,18,1,3,0.46
1,13,1,4,0.45
2,18,1,6,0.42
0,6,1,2,0.41
1,7,1,3,0.41
0,8,1,1,0.4
0,6,1,2,0.39
0,7,1,4,0.39
1,8,1,3,0.38
0,8,1,4,0.38
2,10,1,4,0.38
1,5,1,0,0.38
0,9,1,3,0.37
1,5,1,3,0.36
0,6,1,1,0.36
0,7,1,3,0.35
0,6,1,3,0.35
0,10,1,3,0.34
1,6,1,3,0.34
0,11,1,3,0.33
0,6,1,1,0.33
0,15,1,5,0.32
1,6,1,3,0.32
0,6,1,1,0.31
0,9,1,1,0.31
2,19,2,5,0.3
1,6,1,1,0.3
0,8,1,4,0.3
1,6,1,5,0.3
0,6,1,2,0.3
0,17,2,5,0.29
4,41,1,16,0.27
2,15,1,5,0.27
4,37,1,13,0.26
1,22,1,7,0.25
2,25,2,11,0.24
6,44,1,12,0.23
5,43,2,14,0.22
1,8,1,3,0.22
3,18,1,3,0.22
4,99,4,48,0.19
1,35,1,15,0.19
6,76,1,27,0.18
3,81,2,26,0.17
4,31,1,8,0.16
13,122,2,37,0.15
6,32,1,15,0.14
1,20,1,7,0.14
2,20,1,9,0.14
8,94,1,32,0.13
5,36,1,14,0.13
18,210,2,69,0.11
2,32,2,13,0.11
0,12,1,7,0.11
4,20,1,6,0.11
1,25,1,14,0.11
3,20,1,6,0.11
14,219,2,83,0.1
1,6,1,3,0.1
6,40,2,15,0.09
8,98,3,48,0.09
8,98,1,35,0.09
18,268,1,154,0.08
2,26,1,12,0.08
5,163,2,99,0.08
1,39,1,29,0.07
0,5,1,3,0.07
0,10,1,8,0.07
2,110,1,90,0.07
0,25,1,22,0.07
2,99,1,76,0.07
3,397,1,330,0.06
1,30,1,24,0.06
7,214,1,163,0.06
5,194,1,112,0.5
1,15,1,7,0.48
1,10,1,2,0.48
1,18,2,7,0.46
1,47,2,29,0.41
1,6,1,2,0.41
2,8,1,3,0.4
1,33,1,19,0.37
1,13,1,7,0.36
0,15,1,7,0.36
1,72,1,18,0.33
1,6,1,3,0.32
0,48,1,32,0.3
1,16,1,14,0.3
3,44,1,19,0.29
0,23,1,8,0.28
1,20,1,13,0.27
0,14,1,6,0.27
2,14,1,6,0.26
3,41,2,18,0.25
2,33,1,21,0.24
3,47,1,20,0.23
3,74,2,30,0.21
3,42,2,16,0.2
2,36,1,18,0.19
0,84,1,40,0.18
0,9,1,7,0.18
0,6,1,1,0.18
0,8,1,5,0.17
0,34,1,19,0.17
1,22,1,15,0.16
0,76,1,41,0.16
1,47,1,22,0.15
1,71,1,16,0.15
0,146,1,44,0.13
0,47,1,9,0.12
0,23,1,9,0.12
1,69,1,14,0.12
2,87,1,8,0.11
3,31,1,2,0.11
1,42,1,5,0.1
1,75,1,2,0.1
0,98,1,1,0.1
2,102,1,3,0.09
0,139,1,2,0.09
0,7,1,0,0.09
0,186,1,5,0.08
0,176,1,6,0.08
1,38,1,1,0.07
1,400,0,9,0.06
0,32,1,0,0.06
2,135,1,2,0.06
0,5,1,1,0.06
0,82,1,3,0.06
3,336,1,8,0.05
1,21,1,0,0.05
1,229,1,7,0.05
0,59,1,2,0.05
0,42,1,0,0.05
0,17,1,0,0.05
0,95,1,1,0.05
0,134,1,6,0.05
0,61,1,4,0.04
0,183,1,14,0.04
2,400,0,6,0.04
0,122,1,3,0.04
2,106,1,0,0.04
1,108,1,1,0.04
2,400,0,10,0.04
0,18,1,0,0.04
0,98,1,3,0.04
0,44,1,0,0.04
0,8,1,0,0.04
0,19,1,2,0.04
0,76,1,5,0.03
1,181,1,9,0.03
1,338,1,11,0.03
3,373,1,6,0.03
1,63,1,0,0.03
1,148,1,8,0.03
2,180,1,8,0.03
0,332,1,18,0.03
0,188,1,5,0.03
1,58,1,4,0.03
1,156,1,8,0.03
1,280,1,4,0.03
1,196,1,9,0.02
1,39,1,2,0.02
0,362,1,20,0.02
1,157,1,20,0.02
2,400,0,30,0.02
0,288,1,23,0.02
2,364,1,4,0.02
0,7,1,1,0.02
0,330,1,7,0.02
2,95,1,3,0.02
1,257,1,15,0.02
1,246,1,19,0.02
1,400,0,30,0.02
2,400,0,32,0.02
1,400,0,25,0.5
0,7,1,4,0.49
0,14,1,1,0.47
1,9,1,3,0.46
0,10,1,7,0.45
0,59,1,34,0.4
1,8,1,3,0.39
3,27,1,14,0.38
2,47,1,32,0.35
0,29,1,15,0.33
0,15,1,13,0.32
1,30,1,18,0.3
2,25,1,12,0.29
2,65,1,41,0.27
0,12,1,4,0.26
3,51,1,35,0.24
0,6,1,5,0.24
0,46,1,18,0.23
1,6,1,2,0.23
1,6,1,3,0.23
3,26,1,10,0.22
0,10,1,8,0.22
1,10,1,7,0.21
1,21,1,16,0.21
2,87,1,59,0.19
0,16,1,10,0.18
0,5,1,4,0.18
0,57,1,36,0.17
0,20,1,17,0.17
2,16,1,9,0.17
2,44,1,32,0.16
1,58,1,36,0.16
2,81,1,56,0.15
0,8,1,5,0.15
0,11,1,7,0.15
3,41,1,17,0.14
0,20,1,13,0.14
4,114,1,40,0.13
1,16,1,8,0.13
0,59,1,27,0.12
2,244,1,91,0.11
0,5,1,2,0.11
3,49,1,4,0.11
5,63,1,23,0.1
1,19,1,7,0.1
0,42,1,19,0.1
1,47,1,12,0.1
4,188,1,12,0.09
0,6,1,3,0.09
7,168,1,18,0.08
4,123,1,14,0.08
0,247,1,44,0.07
7,213,1,56,0.07
1,31,1,7,0.07
3,112,1,27,0.06
1,107,1,53,0.06
9,400,0,68,0.06
2,74,1,21,0.05
1,234,1,109,0.05
1,154,1,91,0.05
0,33,1,14,0.05
4,315,1,177,0.04
1,55,1,33,0.04
5,85,1,43,0.04
2,60,1,35,0.04
5,258,1,59,0.04
12,337,1,62,0.04
8,131,1,17,0.04
11,372,1,37,0.03
5,20,1,1,0.03
5,400,0,52,0.03
5,83,1,5,0.03
3,114,1,16,0.03
15,176,1,15,0.03
8,368,1,27,0.03
20,400,1,30,0.03
7,129,1,32,0.03
7,141,1,8,0.03
8,297,1,26,0.03
7,400,0,44,0.02
9,400,0,48,0.02
17,400,0,38,0.02
4,325,1,33,0.02
10,309,1,14,0.02
3,61,1,12,0.02
7,285,1,41,0.02
17,400,1,42,0.02
11,235,1,9,0.02
8,115,1,7,0.02
18,361,1,26,0.02
4,23,1,2,0.02
6,250,1,29,0.02
6,102,2,7,0.02
2,29,1,0,0.02
27,363,2,23,0.02
20,400,0,36,0.01
14,132,1,2,0.01
8,400,0,46,0.01
13,341,1,36,0.01
9,60,1,3,0.01
18,369,1,23,0.5
3,42,1,8,0.46
2,11,1,4,0.45
3,32,1,3,0.42
5,46,1,7,0.38
4,31,1,3,0.36
0,9,1,3,0.35
0,21,1,4,0.34
1,13,1,5,0.33
7,84,4,3,0.3
20,254,4,15,0.21
2,15,1,7,0.21
1,12,1,1,0.21
11,77,1,4,0.2
3,29,1,2,0.19
4,73,1,3,0.18
2,7,1,0,0.18
1,10,1,3,0.18
11,121,2,4,0.16
1,26,1,5,0.16
5,32,1,3,0.15
14,144,1,4,0.14
21,353,2,15,0.11
7,55,1,3,0.11
2,54,1,3,0.11
0,34,1,5,0.11
1,15,1,1,0.1
4,47,1,3,0.1
1,42,1,5,0.1
3,24,1,1,0.1
2,27,1,1,0.09
0,11,1,2,0.09
2,45,1,7,0.09
1,27,1,1,0.09
2,24,1,3,0.09
1,33,1,2,0.09
11,94,1,5,0.08
12,103,1,2,0.08
6,111,1,7,0.08
2,30,1,2,0.08
4,68,2,6,0.07
5,102,1,3,0.07
3,36,1,1,0.07
5,28,1,0,0.07
12,99,1,2,0.07
3,34,1,1,0.07
2,9,1,1,0.07
4,54,1,3,0.06
1,5,1,1,0.06
6,23,1,1,0.06
1,10,1,0,0.06
0,9,1,1,0.06
4,18,1,2,0.06
22,182,2,2,0.06
17,108,2,1,0.06
21,156,1,6,0.05
19,121,1,6,0.05
15,97,1,0,0.05
7,128,1,3,0.05
30,331,2,4,0.05
16,138,1,3,0.04
8,50,2,0,0.04
10,54,1,3,0.04
9,68,1,0,0.04
20,117,1,2,0.04
16,175,1,4,0.04
29,400,0,3,0.04
32,400,1,3,0.03
16,191,1,3,0.03
27,277,2,3,0.03
26,400,1,2,0.03
15,107,1,3,0.03
15,235,1,4,0.03
19,400,2,1,0.03
19,223,2,3,0.03
9,150,1,1,0.03
11,400,0,0,0.03
22,284,4,2,0.02
18,300,2,3,0.02
16,400,2,2,0.02
12,37,1,0,0.02
21,400,0,1,0.02
8,152,2,0,0.02
17,263,1,4,0.02
22,312,1,4,0.02
26,247,1,1,0.02
28,400,2,3,0.02
7,400,0,2,0.02
20,400,0,2,0.02
23,400,2,1,0.02
19,400,0,1,0.02
26,400,0,0,0.02
20,198,1,1,0.02
13,245,1,3,0.01
22,400,1,0,0.01
22,400,2,4,0.01
19,400,1,4,0.01
15,334,2,3,0.01
25,400,0,1,0.01
18,400,1,1,0.01
24,338,2,4,0.5
7,26,2,5,0.46
13,52,2,7,0.4
0,6,1,1,0.4
2,5,1,0,0.39
7,39,1,3,0.37
3,14,2,1,0.36
1,7,1,1,0.36
4,35,2,7,0.33
1,8,1,1,0.32
12,122,6,11,0.27
6,21,2,2,0.26
1,8,1,0,0.26
19,164,5,14,0.21
4,18,1,2,0.21
26,319,8,14,0.15
7,35,2,4,0.14
14,224,4,7,0.12
4,12,1,0,0.12
32,400,2,7,0.09
8,41,2,1,0.09
32,335,4,6,0.08
17,205,5,5,0.07
32,400,2,2,0.06
6,36,1,2,0.06
4,12,1,2,0.06
32,400,4,6,0.05
10,64,3,2,0.05
28,400,3,6,0.05
30,324,3,5,0.04
24,400,0,1,0.04
29,400,2,5,0.04
25,174,1,1,0.03
6,58,1,2,0.03
26,400,3,2,0.03
29,400,2,1,0.03
20,159,1,1,0.03
27,400,4,0,0.03
22,400,1,0,0.03
22,400,1,1,0.03
21,114,2,1,0.03
2,9,1,0,0.02
25,400,1,0,0.02
34,400,0,1,0.02
21,184,1,3,0.02
23,400,0,1,0.02
32,400,0,1,0.02
10,62,1,2,0.02
27,400,1,1,0.02
24,349,2,1,0.02
29,400,1,1,0.02
28,400,0,2,0.02
20,400,0,0,0.02
16,111,1,0,0.02
17,57,1,0,0.02
12,107,1,2,0.02
22,400,0,2,0.02
23,162,1,4,0.02
28,400,0,1,0.02
35,400,1,0,0.02
26,400,0,2,0.02
30,361,1,3,0.02
22,168,1,1,0.01
31,400,0,3,0.01
14,65,1,3,0.01
47,400,0,1,0.01
42,400,1,0,0.01
42,400,0,2,0.01
48,400,1,0,0.01
40,383,1,1,0.01
44,400,0,1,0.01
22,156,1,3,0.01
39,267,3,1,0.01
19,400,0,0,0.01
41,400,0,0,0.01
29,144,1,1,0.01
46,400,2,1,0.01
41,400,0,3,0.01
49,302,0,0,0.01
48,400,1,0,0.01
33,265,2,1,0.01
49,400,1,0,0.01
48,400,1,1,0.01
49,303,1,0,0.01
49,326,0,2,0.01
49,309,0,0,0.01
49,234,0,0,0.01
49,234,0,0,0.01
49,230,1,0,0.01
49,236,2,0,0.01
49,274,0,0,0.01
50,312,1,0,0.01
49,296,0,0,0.01
49,302,0,0,0.01
49,297,1,1,0.01
49,353,0,0,0.01
49,294,0,1,0.01
49,379,1,0,0.01
49,339,0,0,0.01
42,400,0,0,0.01
49,400,1,2,0.5
20,115,4,8,0.39
8,34,3,1,0.36
11,24,1,1,0.36
11,33,1,4,0.34
1,8,1,0,0.33
5,21,1,1,0.32
12,56,3,5,0.29
4,19,1,1,0.28
10,39,1,4,0.26
34,100,2,13,0.24
31,122,4,12,0.2
3,15,1,3,0.19
35,131,6,9,0.17
44,168,4,9,0.16
32,103,2,8,0.14
49,198,3,12,0.13
49,192,3,10,0.11
14,37,1,0,0.11
19,55,2,3,0.11
11,79,1,4,0.1
44,177,3,7,0.09
25,64,1,0,0.09
9,21,1,0,0.09
10,36,2,1,0.08
31,96,3,7,0.08
45,192,3,3,0.07
49,206,3,4,0.07
49,232,2,1,0.06
49,214,1,7,0.06
49,166,1,3,0.06
49,222,0,4,0.06
10,28,1,3,0.05
49,183,0,4,0.05
49,250,1,2,0.05
49,161,3,4,0.05
49,229,1,3,0.04
49,172,2,2,0.04
39,105,1,1,0.04
49,187,3,2,0.04
49,173,0,0,0.04
49,181,1,3,0.04
49,286,0,0,0.04
49,197,4,3,0.03
49,171,1,0,0.03
49,165,1,0,0.03
39,102,2,0,0.03
49,204,0,3,0.03
49,198,2,1,0.03
49,159,2,0,0.03
49,149,1,0,0.03
49,182,1,3,0.03
49,172,1,0,0.03
49,192,2,0,0.03
49,159,0,0,0.03
49,161,1,2,0.03
49,160,0,2,0.03
49,171,1,0,0.03
49,151,0,1,0.02
49,156,1,1,0.02
49,158,0,1,0.02
48,154,1,1,0.02
49,193,1,1,0.02
49,223,2,2,0.02
5,11,1,1,0.02
49,207,1,2,0.02
49,183,1,0,0.02
49,160,1,0,0.02
49,163,0,1,0.02
49,166,2,1,0.02
49,153,1,2,0.02
49,200,0,2,0.02
49,171,2,0,0.02
49,150,0,0,0.02
49,150,0,0,0.02
49,168,0,1,0.02
49,134,1,2,0.02
49,172,1,2,0.02
49,161,0,1,0.02
49,190,0,3,0.02
49,182,0,1,0.02
49,154,0,0,0.02
49,156,1,0,0.02
49,181,0,0,0.02
49,167,0,2,0.02
49,177,1,1,0.02
49,185,1,1,0.02
49,171,1,0,0.02
49,179,0,3,0.02
49,165,1,1,0.02
49,129,0,0,0.01
49,164,0,2,0.01
49,204,1,0,0.01
49,156,0,1,0.01
49,219,0,1,0.01
49,231,0,3,0.01
49,227,0,5,0.01
49,214,0,2,0.01
49,166,0,2,0.01
49,155,0,6,0.01
49,163,1,7,0.5
4,17,2,3,0.48
10,35,1,6,0.45
16,77,5,8,0.37
14,42,2,3,0.34
10,32,2,8,0.32
11,50,2,5,0.3
16,54,2,3,0.27
5,19,1,0,0.27
29,91,3,2,0.24
49,147,6,9,0.21
49,178,6,8,0.18
49,187,5,10,0.15
49,168,4,2,0.13
49,150,2,2,0.12
1,5,1,1,0.12
49,161,1,5,0.11
23,58,3,1,0.11
49,153,2,2,0.1
49,145,0,6,0.09
50,154,3,5,0.09
22,58,3,2,0.08
27,83,2,2,0.08
49,168,1,6,0.07
49,153,2,5,0.07
49,152,1,4,0.06
49,156,2,1,0.06
49,147,0,0,0.06
49,161,1,4,0.06
49,128,1,2,0.06
49,140,2,1,0.05
49,143,1,1,0.05
49,148,3,1,0.05
49,163,2,1,0.05
49,136,1,0,0.05
49,143,0,3,0.05
49,141,1,1,0.04
49,136,0,2,0.04
49,152,1,0,0.04
18,51,1,1,0.04
49,132,1,2,0.04
49,123,1,0,0.04
49,147,0,1,0.04
49,123,2,0,0.04
36,80,1,1,0.03
49,137,0,1,0.03
49,137,0,1,0.03
49,124,0,0,0.03
49,127,0,0,0.03
49,157,3,1,0.03
49,119,1,1,0.03
49,116,1,0,0.03
49,136,0,0,0.03
49,129,0,1,0.03
49,122,0,1,0.03
43,98,1,0,0.03
49,128,1,0,0.03
49,142,0,0,0.03
49,137,2,2,0.03
49,141,0,0,0.03
49,118,0,1,0.03
49,129,1,1,0.03
50,141,1,1,0.03
49,134,0,1,0.03
49,129,0,0,0.03
49,136,1,0,0.02
49,131,0,1,0.02
49,124,0,0,0.02
49,122,0,0,0.02
49,120,1,1,0.02
49,149,0,1,0.02
49,131,1,0,0.02
49,127,0,0,0.02
49,117,0,2,0.02
49,118,0,0,0.02
49,126,0,1,0.02
49,145,0,2,0.02
49,152,1,2,0.02
49,124,0,0,0.02
49,140,0,0,0.02
49,122,0,1,0.02
49,123,0,2,0.02
49,130,0,0,0.02
49,138,1,0,0.02
49,138,0,0,0.02
49,135,0,2,0.02
49,125,0,2,0.02
49,136,0,1,0.02
49,135,0,1,0.02
49,145,0,1,0.02
49,121,1,1,0.02
49,119,0,0,0.02
49,136,0,1,0.02
49,130,2,0,0.02
49,131,1,0,0.02
49,121,0,0,0.02
49,130,0,0,0.02
49,121,0,0,0.02
49,136,1,0,0.02
49,123,0,0,0.02
49,119,0,0,0.5
11,33,1,3,0.47
2,8,1,1,0.46
17,65,4,7,0.41
12,36,1,3,0.38
15,46,4,3,0.35
19,60,2,8,0.31
49,209,8,13,0.22
49,192,4,11,0.17
46,155,4,5,0.15
39,97,3,4,0.14
49,149,2,6,0.13
49,140,1,3,0.12
27,67,2,3,0.12
49,156,4,6,0.1
49,156,1,3,0.1
49,145,1,1,0.09
24,50,1,0,0.09
49,128,1,4,0.08
49,120,1,3,0.08
49,150,2,1,0.08
16,35,1,0,0.08
49,149,2,3,0.07
49,149,3,6,0.07
49,131,0,2,0.07
50,163,4,1,0.06
6,23,2,1,0.06
37,97,2,3,0.06
49,136,1,1,0.06
49,122,1,2,0.05
49,137,0,1,0.05
49,118,2,1,0.05
49,139,1,1,0.05
25,58,2,2,0.05
49,127,0,4,0.05
50,138,3,2,0.04
49,123,1,2,0.04
49,133,2,2,0.04
49,127,1,1,0.04
49,117,0,0,0.04
49,134,0,1,0.04
9,19,1,2,0.04
49,120,1,0,0.04
49,104,0,1,0.04
49,127,0,1,0.04
49,124,1,2,0.03
8,15,1,0,0.03
49,136,1,0,0.03
49,121,0,0,0.03
49,149,0,1,0.03
49,128,0,1,0.03
49,125,0,0,0.03
49,152,0,1,0.03
49,115,0,0,0.03
49,135,1,3,0.03
40,90,2,0,0.03
49,141,3,0,0.03
49,112,0,0,0.03
49,122,0,1,0.03
30,59,1,0,0.03
49,121,1,0,0.03
49,129,0,2,0.03
49,131,0,1,0.03
49,116,0,0,0.03
49,116,0,0,0.03
49,121,0,1,0.03
49,127,0,0,0.03
49,132,0,0,0.03
49,130,0,1,0.02
49,122,1,0,0.02
49,139,0,0,0.02
49,140,0,0,0.02
49,129,0,2,0.02
49,139,1,2,0.02
49,123,0,0,0.02
49,151,1,2,0.02
18,41,1,0,0.02
25,55,1,0,0.02
49,135,0,0,0.02
49,114,0,1,0.02
49,123,1,0,0.02
49,120,0,1,0.02
49,131,0,1,0.02
49,144,2,0,0.02
49,136,0,1,0.02
49,141,0,0,0.02
49,122,1,0,0.02
49,123,0,0,0.02
49,121,0,1,0.02
49,129,1,0,0.02
49,126,0,0,0.02
49,129,0,0,0.02
49,150,0,0,0.02
49,136,0,1,0.02
49,127,0,2,0.02
49,130,1,1,0.02
49,133,0,0,0.02
49,131,1,1,0.02
16,48,1,1,0.02
49,127,1,0,0.02
49,140,0,1,0.5
13,46,2,5,0.46
2,7,1,1,0.45
33,121,6,15,0.37
1,7,1,2,0.36
18,48,2,5,0.33
2,7,1,0,0.33
32,116,6,11,0.28
38,105,4,5,0.24
16,44,1,0,0.23
13,55,3,4,0.21
50,157,6,4,0.18
49,150,2,4,0.17
49,139,0,5,0.15
22,47,1,1,0.14
21,64,3,8,0.13
49,139,0,7,0.12
6,9,1,0,0.12
15,35,1,2,0.12
49,161,3,2,0.11
49,153,2,3,0.1
16,36,1,0,0.1
37,88,1,0,0.1
49,138,0,5,0.09
49,136,1,3,0.08
29,80,1,1,0.08
49,127,1,3,0.07
49,139,0,1,0.07
17,44,1,2,0.07
49,143,0,3,0.07
38,91,1,3,0.06
49,118,0,0,0.06
49,139,1,1,0.06
49,148,2,2,0.06
46,123,1,3,0.05
49,132,2,1,0.05
40,115,3,1,0.05
49,122,1,2,0.05
44,113,2,0,0.05
49,137,0,2,0.05
49,120,3,0,0.04
5,12,1,1,0.04
49,126,0,0,0.04
48,119,1,1,0.04
23,49,1,0,0.04
49,160,3,2,0.04
49,123,0,1,0.04
49,127,0,1,0.04
49,132,1,0,0.04
49,131,1,1,0.03
49,139,1,0,0.03
49,127,0,0,0.03
49,135,0,2,0.03
49,137,1,0,0.03
49,125,1,1,0.03
49,134,0,0,0.03
49,134,0,0,0.03
49,140,1,1,0.03
49,127,0,0,0.03
49,128,0,0,0.03
49,132,0,1,0.03
48,138,3,1,0.03
49,134,1,0,0.03
49,126,1,1,0.03
49,132,1,0,0.03
49,127,1,0,0.03
47,118,1,4,0.02
49,131,0,0,0.02
49,131,0,0,0.02
49,139,0,0,0.02
37,84,1,4,0.02
49,121,0,0,0.02
40,89,1,0,0.02
49,126,1,0,0.02
49,119,0,0,0.02
49,137,1,2,0.02
49,127,0,0,0.02
49,140,0,2,0.02
49,141,0,0,0.02
49,134,1,0,0.02
49,116,0,0,0.02
49,118,0,1,0.02
49,118,0,1,0.02
49,128,0,0,0.02
49,141,1,1,0.02
49,127,1,0,0.02
49,136,0,0,0.02
49,142,0,1,0.02
45,105,2,0,0.02
49,125,0,2,0.02
49,134,0,1,0.02
49,115,0,0,0.02
49,120,0,0,0.02
49,131,0,0,0.02
Score,Steps,Bombs_placed,Invalid_moves,Epsilon
Score,Steps,Bombs_placed,Invalid_moves,Epsilon
Score,Steps,Bombs_placed,Invalid_moves,Epsilon
14,400,0,143,0.31
Score,Steps,Bombs_placed,Invalid_moves,Epsilon
Score,Steps,Bombs_placed,Invalid_moves,Epsilon
2,35,1,15,0.78
0,22,1,9,0.72
1,9,1,5,0.69
1,6,1,1,0.68
0,35,2,9,0.59
1,14,1,4,0.57
1,5,1,1,0.56
1,14,1,3,0.54
0,7,1,4,0.53
0,11,1,5,0.52
1,15,2,6,0.5
1,15,1,7,0.48
0,12,1,8,0.47
1,12,1,7,0.45
2,10,1,3,0.44
1,6,1,4,0.44
2,18,1,11,0.42
0,10,1,4,0.41
0,7,1,1,0.4
1,9,1,4,0.4
3,14,1,5,0.39
0,6,1,4,0.38
3,12,1,2,0.37
1,7,1,5,0.37
1,5,1,2,0.37
1,5,1,3,0.36
2,6,1,3,0.36
0,24,3,7,0.34
1,5,1,3,0.34
0,7,1,4,0.33
1,6,1,4,0.33
4,25,2,10,0.31
1,8,1,3,0.31
1,6,1,2,0.3
1,5,1,2,0.3
0,5,1,2,0.3
0,5,1,2,0.3
0,8,1,3,0.29
2,6,1,0,0.29
2,12,1,3,0.29
1,5,1,3,0.29
1,5,1,4,0.29
0,8,1,3,0.28
0,5,1,3,0.28
0,5,1,1,0.28
1,10,1,5,0.28
3,9,1,3,0.27
2,14,1,6,0.27
15,400,0,92,0.17
20,400,0,122,0.13
24,400,0,122,0.1
23,400,0,137,0.08
21,400,0,147,0.07
15,400,0,146,0.06
14,400,0,163,0.05
10,400,0,140,0.05
23,400,0,137,0.05
16,400,0,159,0.04
21,400,0,145,0.04
17,400,0,140,0.04
22,400,0,158,0.03
9,400,0,151,0.03
18,400,0,133,0.03
21,400,0,132,0.03
13,400,0,143,0.03
24,400,0,128,0.03
20,400,0,137,0.03
27,400,0,94,0.02
29,400,0,105,0.02
28,400,0,101,0.02
31,400,0,101,0.02
26,400,0,111,0.02
32,400,0,115,0.02
31,400,0,116,0.02
15,400,0,156,0.02
24,400,0,133,0.02
22,400,0,147,0.02
25,400,0,133,0.02
24,400,0,109,0.02
19,400,0,61,0.01
31,400,0,47,0.01
27,400,0,26,0.01
26,400,0,27,0.01
21,400,0,9,0.01
23,400,0,8,0.01
29,400,0,14,0.01
31,400,0,22,0.01
12,400,0,29,0.01
21,400,0,33,0.01
32,400,0,27,0.01
34,400,0,21,0.01
28,400,0,16,0.01
19,400,0,17,0.01
29,400,0,20,0.01
41,400,0,4,0.01
31,400,0,6,0.01
31,400,0,4,0.01
21,400,0,2,0.01
34,400,0,5,0.01
22,400,0,61,0.5
25,400,0,67,0.25
17,400,0,86,0.16
6,400,0,114,0.12
7,400,0,76,0.1
10,400,0,88,0.08
7,400,0,211,0.07
5,400,0,312,0.06
9,400,0,119,0.05
5,400,0,26,0.05
18,400,0,12,0.04
15,400,0,20,0.04
7,400,0,111,0.04
1,400,0,354,0.04
2,400,0,378,0.03
3,400,0,369,0.03
0,400,0,377,0.03
0,400,0,388,0.03
0,400,0,396,0.03
1,400,0,394,0.03
0,400,0,394,0.02
0,400,0,391,0.02
0,400,0,389,0.02
1,400,0,355,0.02
0,400,0,350,0.02
0,400,0,388,0.02
1,400,0,396,0.02
2,400,0,367,0.02
3,400,0,242,0.02
3,400,0,116,0.02
5,400,0,45,0.02
7,400,0,28,0.02
6,400,0,8,0.02
20,400,0,3,0.01
9,400,0,0,0.01
17,400,0,3,0.01
4,400,0,0,0.01
12,400,0,4,0.01
6,400,0,2,0.01
3,29,1,3,0.01
8,400,0,4,0.01
11,400,0,1,0.01
13,400,0,4,0.01
14,400,0,1,0.01
15,400,0,0,0.01
20,400,0,0,0.01
7,400,0,3,0.01
11,400,0,2,0.01
4,400,0,1,0.01
7,400,0,1,0.01
13,400,0,3,0.01
7,400,0,0,0.01
4,400,0,1,0.01
6,400,0,0,0.01
5,400,0,0,0.01
10,400,0,1,0.01
4,400,0,3,0.01
6,400,0,2,0.01
16,400,0,0,0.01
3,400,0,2,0.01
3,400,0,2,0.01
8,400,0,93,0.01
10,400,0,93,0.01
6,400,0,57,0.01
4,400,0,39,0.01
6,400,0,25,0.01
10,400,0,12,0.01
7,400,0,7,0.01
10,400,0,4,0.01
12,400,0,1,0.01
5,400,0,3,0.01
6,400,0,2,0.01
15,400,0,4,0.01
10,400,0,2,0.01
7,400,0,5,0.01
10,400,0,2,0.01
11,400,0,1,0.01
10,400,0,6,0.01
8,400,0,1,0.01
6,400,0,3,0.01
14,400,0,1,0.01
11,400,0,1,0.01
10,400,0,1,0.01
6,400,0,0,0.01
5,400,0,1,0.01
10,400,0,2,0.01
8,400,0,1,0.01
8,400,0,0,0.01
3,400,0,1,0.01
3,400,0,2,0.01
22,400,0,2,0.01
9,400,0,1,0.01
13,400,0,1,0.01
5,400,0,0,0.01
7,400,0,1,0.01
7,400,0,1,0.01
11,400,0,0,0.01
31,400,0,1,0.01
16,400,0,2,0.01
27,400,0,1,0.01
5,400,0,0,0.5
28,400,0,44,0.26
32,400,0,21,0.18
25,400,0,12,0.13
27,400,0,9,0.1
9,400,0,13,0.08
7,400,0,7,0.07
26,400,0,7,0.06
22,400,0,5,0.05
7,400,0,7,0.05
20,400,0,4,0.05
9,400,0,7,0.04
5,400,0,4,0.04
11,400,0,8,0.04
13,400,0,5,0.03
26,400,0,3,0.03
33,400,0,3,0.03
28,400,0,3,0.03
15,400,0,1,0.03
33,400,0,1,0.03
33,400,0,3,0.02
22,400,0,2,0.02
35,400,0,3,0.02
28,400,0,1,0.02
26,400,0,1,0.02
40,400,0,1,0.02
37,400,0,1,0.02
37,400,0,3,0.02
31,400,0,0,0.02
40,400,0,1,0.02
30,400,0,2,0.02
36,400,0,1,0.02
23,400,0,3,0.02
23,400,0,2,0.02
35,400,0,5,0.01
35,400,0,1,0.01
37,400,0,0,0.01
23,400,0,0,0.01
25,400,0,1,0.01
31,400,0,0,0.01
23,400,0,0,0.01
14,400,0,1,0.01
28,400,0,1,0.01
24,400,0,2,0.01
26,400,0,2,0.01
32,400,0,1,0.01
26,400,0,2,0.01
34,400,0,1,0.01
39,400,0,1,0.01
30,400,0,0,0.01
37,400,0,3,0.01
27,400,0,0,0.01
33,400,0,1,0.01
41,400,0,0,0.01
37,400,0,0,0.01
28,400,0,0,0.01
32,400,0,0,0.01
19,400,0,0,0.01
30,400,0,1,0.01
29,400,0,0,0.01
29,400,0,2,0.01
27,400,0,0,0.01
28,400,0,0,0.01
31,400,0,4,0.01
23,400,0,3,0.01
25,400,0,1,0.01
34,400,0,0,0.01
28,400,0,1,0.01
25,400,0,0,0.01
30,400,0,0,0.01
23,400,0,1,0.01
32,400,0,0,0.01
27,400,0,0,0.01
30,400,0,0,0.01
28,400,0,0,0.01
22,400,0,1,0.01
33,400,0,0,0.01
49,313,0,0,0.01
49,209,0,0,0.01
49,307,0,0,0.01
49,332,0,1,0.01
49,169,0,1,0.01
49,201,0,0,0.01
49,242,0,0,0.01
49,238,0,0,0.01
49,216,0,0,0.01
49,177,0,1,0.01
49,203,0,0,0.01
49,366,0,0,0.01
34,400,0,0,0.01
15,400,0,0,0.01
49,348,0,1,0.01
48,400,0,1,0.01
49,356,0,1,0.01
49,332,0,3,0.01
49,242,0,1,0.01
49,219,0,0,0.01
49,157,0,0,0.01
49,349,0,0,0.01
49,224,0,0,0.01
49,165,0,2,0.5
49,274,0,24,0.31
49,211,0,8,0.24
49,220,0,16,0.19
49,279,0,10,0.15
49,197,0,3,0.14
49,206,0,6,0.12
49,195,0,5,0.1
49,185,0,3,0.09
49,194,0,3,0.08
49,227,0,4,0.08
49,146,0,2,0.07
49,216,0,3,0.07
49,198,0,1,0.06
49,243,0,3,0.06
49,191,0,1,0.06
49,150,0,1,0.05
49,169,0,1,0.05
49,187,0,2,0.05
49,189,0,5,0.05
49,171,0,1,0.04
49,166,0,0,0.04
49,225,0,1,0.04
49,208,0,1,0.04
49,143,0,5,0.04
49,209,0,1,0.04
49,154,0,2,0.03
49,266,0,2,0.03
49,162,0,3,0.03
49,291,0,0,0.03
49,147,0,1,0.03
49,163,0,0,0.03
49,141,0,0,0.03
49,203,0,2,0.03
49,168,0,0,0.03
49,156,0,0,0.03
49,186,0,1,0.03
49,170,0,0,0.03
49,168,0,1,0.03
49,193,0,2,0.02
49,200,0,4,0.02
49,284,0,1,0.02
49,177,0,1,0.02
49,181,0,0,0.02
49,139,0,2,0.02
49,166,0,0,0.02
49,164,0,1,0.02
49,167,0,0,0.02
49,132,0,0,0.02
49,155,0,2,0.02
49,163,0,2,0.02
49,133,0,0,0.02
49,149,0,0,0.02
49,156,0,1,0.02
49,193,0,1,0.02
49,141,0,0,0.02
49,161,0,0,0.02
49,143,0,0,0.02
49,155,0,0,0.02
49,141,0,0,0.02
49,155,0,0,0.02
49,162,0,0,0.02
49,143,0,0,0.02
49,150,0,2,0.02
49,145,0,2,0.02
49,145,0,3,0.02
35,400,0,0,0.02
49,150,0,0,0.02
49,152,0,0,0.02
49,138,0,1,0.02
49,139,0,0,0.02
49,141,0,1,0.01
49,166,0,3,0.01
49,146,0,0,0.01
49,132,0,1,0.01
49,145,0,0,0.01
49,131,0,1,0.01
49,140,0,0,0.01
49,120,0,0,0.01
49,144,0,0,0.01
49,143,0,1,0.01
49,152,0,0,0.01
49,129,0,0,0.01
49,141,0,0,0.01
49,157,0,1,0.01
49,129,0,0,0.01
49,137,0,0,0.01
49,122,0,0,0.01
49,177,0,0,0.01
49,137,0,0,0.01
49,153,0,0,0.01
49,131,0,2,0.01
49,146,0,0,0.01
49,147,0,1,0.01
49,130,0,1,0.01
49,145,0,0,0.01
49,150,0,1,0.01
49,138,0,0,0.01
49,127,0,1,0.01
49,133,0,0,0.01
49,135,0,0,0.5
49,217,0,15,0.34
49,208,0,13,0.25
49,177,0,11,0.21
49,169,0,4,0.18
49,175,0,9,0.15
49,146,0,9,0.14
49,151,0,3,0.12
49,149,0,3,0.11
49,127,0,5,0.11
49,159,0,3,0.1
49,148,0,2,0.09
49,136,0,3,0.08
49,134,0,3,0.08
49,132,0,2,0.07
49,132,0,7,0.07
49,135,0,2,0.07
49,157,0,2,0.06
49,140,0,7,0.06
49,140,0,3,0.06
49,140,0,2,0.05
49,143,0,0,0.05
49,147,0,0,0.05
49,139,0,2,0.05
49,147,0,6,0.05
49,123,0,1,0.04
49,121,0,0,0.04
49,141,0,2,0.04
49,139,0,2,0.04
49,129,0,2,0.04
49,123,0,1,0.04
49,136,0,2,0.04
49,154,0,3,0.04
49,140,0,1,0.04
49,142,0,3,0.04
49,128,0,1,0.03
49,133,0,1,0.03
49,132,0,2,0.03
49,128,0,1,0.03
49,135,0,3,0.03
49,145,0,1,0.03
49,140,0,2,0.03
49,146,0,3,0.03
49,128,0,0,0.03
49,126,0,0,0.03
49,138,0,1,0.03
49,144,0,2,0.03
49,137,0,0,0.03
49,142,0,2,0.03
49,122,0,0,0.03
49,133,0,1,0.03
49,126,0,1,0.02
49,124,0,0,0.02
49,119,0,0,0.02
49,128,0,0,0.02
49,123,0,0,0.02
49,135,0,2,0.02
49,143,0,1,0.02
49,134,0,2,0.02
49,135,0,0,0.02
49,130,0,1,0.02
49,144,0,0,0.02
49,141,0,0,0.02
49,127,0,0,0.02
49,128,0,1,0.02
49,116,0,0,0.02
49,134,0,3,0.02
49,124,0,1,0.02
49,144,0,1,0.02
49,129,0,2,0.02
49,126,0,0,0.02
49,122,0,1,0.02
49,117,0,0,0.02
49,145,0,0,0.02
49,126,0,1,0.02
49,126,0,0,0.02
49,135,0,2,0.02
49,119,0,2,0.02
49,134,0,1,0.02
49,151,0,0,0.02
49,131,0,0,0.02
49,127,0,0,0.02
49,133,0,0,0.02
49,125,0,0,0.02
49,135,0,1,0.02
49,122,0,0,0.02
49,134,0,0,0.02
49,129,0,0,0.02
49,126,0,0,0.02
49,128,0,1,0.02
49,122,0,1,0.02
49,129,0,0,0.02
49,130,0,1,0.01
49,119,0,0,0.01
49,131,0,0,0.01
49,122,0,0,0.01
49,114,0,0,0.01
49,136,0,0,0.01
49,117,0,0,0.01
49,121,0,0,0.01
49,129,0,0,0.5
49,228,0,18,0.31
49,170,0,10,0.24
49,132,0,5,0.22
49,166,0,7,0.18
49,158,0,3,0.17
49,158,0,7,0.15
49,142,0,2,0.14
49,137,0,6,0.12
49,141,0,3,0.11
49,149,0,2,0.1
49,146,0,1,0.09
49,137,0,4,0.09
49,133,0,3,0.08
49,131,0,3,0.08
49,156,0,0,0.07
49,137,0,5,0.07
49,126,0,1,0.06
49,158,0,1,0.06
49,129,0,2,0.06
49,126,0,2,0.06
49,136,0,3,0.05
49,133,0,2,0.05
49,117,0,0,0.05
49,139,0,1,0.05
49,125,0,2,0.05
49,137,0,1,0.05
49,129,0,1,0.05
49,134,0,1,0.04
49,131,0,0,0.04
49,122,0,1,0.04
49,132,0,1,0.04
49,165,0,2,0.04
49,132,0,3,0.04
49,124,0,0,0.04
49,143,0,1,0.04
49,140,0,2,0.03
49,130,0,1,0.03
49,136,0,1,0.03
49,145,0,2,0.03
49,129,0,2,0.03
49,131,0,0,0.03
49,122,0,0,0.03
49,129,0,0,0.03
49,130,0,0,0.03
49,126,0,1,0.03
49,133,0,0,0.03
49,133,0,0,0.03
49,122,0,0,0.03
49,129,0,0,0.03
49,127,0,0,0.03
49,120,0,0,0.03
49,126,0,1,0.02
49,129,0,0,0.02
49,143,0,0,0.02
49,143,0,4,0.02
49,133,0,0,0.02
49,117,0,0,0.02
49,122,0,0,0.02
49,118,0,0,0.02
49,131,0,0,0.02
49,123,0,0,0.02
49,128,0,1,0.02
49,116,0,0,0.02
49,142,0,1,0.02
49,118,0,1,0.02
49,139,0,3,0.02
49,143,0,1,0.02
49,122,0,0,0.02
49,149,0,1,0.02
49,140,0,2,0.02
49,122,0,1,0.02
49,130,0,1,0.02
49,121,0,0,0.02
49,137,0,0,0.02
49,138,0,0,0.02
49,127,0,0,0.02
49,128,0,0,0.02
49,122,0,0,0.02
49,120,0,1,0.02
49,130,0,0,0.02
49,135,0,0,0.02
49,117,0,0,0.02
49,123,0,0,0.02
49,126,0,1,0.02
49,129,0,0,0.02
49,139,0,0,0.02
49,127,0,0,0.02
49,127,0,0,0.02
49,123,0,1,0.02
49,126,0,0,0.01
49,110,0,0,0.01
49,121,0,0,0.01
49,137,0,0,0.01
49,127,0,0,0.01
49,118,0,0,0.01
49,135,0,0,0.01
49,149,0,0,0.01
49,128,0,0,0.01
49,137,0,0,0.01
49,136,0,1,0.5
49,215,0,28,0.32
49,186,0,9,0.24
49,151,0,9,0.2
49,156,0,3,0.18
49,155,0,3,0.16
49,149,0,9,0.14
49,155,0,3,0.13
49,136,0,2,0.12
49,153,0,2,0.11
49,147,0,3,0.1
49,159,0,6,0.09
49,134,0,0,0.09
49,139,0,1,0.09
49,135,0,5,0.08
49,144,0,0,0.08
49,139,0,3,0.07
49,152,0,2,0.07
49,143,0,1,0.07
49,138,0,2,0.06
49,141,0,4,0.06
49,148,0,3,0.06
49,154,0,1,0.05
49,118,0,1,0.05
49,119,0,0,0.05
49,136,0,2,0.05
49,130,0,1,0.05
49,137,0,4,0.05
49,128,0,0,0.05
49,138,0,1,0.04
49,133,0,1,0.04
49,142,0,6,0.04
49,130,0,1,0.04
49,147,0,2,0.04
49,111,0,4,0.04
49,141,0,1,0.04
49,130,0,3,0.04
49,140,0,1,0.04
49,139,0,3,0.03
49,150,0,3,0.03
49,116,0,1,0.03
49,131,0,2,0.03
49,143,0,2,0.03
49,129,0,3,0.03
49,130,0,1,0.03
49,125,0,0,0.03
49,135,0,0,0.03
49,132,0,0,0.03
49,113,0,0,0.03
49,127,0,0,0.03
49,117,0,1,0.03
49,144,0,2,0.03
49,115,0,1,0.03
49,140,0,2,0.02
49,128,0,0,0.02
49,139,0,0,0.02
49,129,0,0,0.02
49,138,0,0,0.02
49,128,0,1,0.02
49,127,0,0,0.02
49,141,0,1,0.02
49,131,0,0,0.02
49,149,0,1,0.02
49,135,0,0,0.02
49,118,0,0,0.02
49,127,0,1,0.02
49,128,0,1,0.02
49,115,0,0,0.02
49,131,0,1,0.02
49,148,0,0,0.02
49,123,0,0,0.02
49,117,0,0,0.02
49,137,0,0,0.02
49,123,0,0,0.02
49,145,0,0,0.02
49,119,0,0,0.02
49,137,0,0,0.02
49,150,0,1,0.02
49,129,0,0,0.02
49,140,0,0,0.02
49,125,0,1,0.02
49,119,0,0,0.02
49,137,0,1,0.02
49,124,0,0,0.02
49,132,0,0,0.02
49,129,0,2,0.02
49,137,0,1,0.02
49,129,0,0,0.02
49,134,0,1,0.02
49,139,0,0,0.02
49,133,0,0,0.02
49,134,0,0,0.02
49,138,0,1,0.02
49,137,0,0,0.02
49,136,0,0,0.02
49,136,0,1,0.02
49,141,0,1,0.02
49,122,0,1,0.02
49,142,0,1,0.01
49,141,0,0,0.01
49,126,0,0,0.5
49,227,0,26,0.32
49,154,0,16,0.25
49,146,0,6,0.21
49,154,0,3,0.18
49,183,0,5,0.15
49,165,0,9,0.13
49,153,0,8,0.11
49,146,0,4,0.11
49,141,0,4,0.1
49,135,0,3,0.09
49,135,0,0,0.09
49,138,0,2,0.09
49,159,0,1,0.08
49,140,0,2,0.08
49,141,0,4,0.07
49,149,0,6,0.07
49,145,0,5,0.07
49,153,0,6,0.06
49,142,0,2,0.06
49,136,0,3,0.06
49,144,0,2,0.05
49,139,0,3,0.05
49,144,0,4,0.05
49,142,0,6,0.05
49,143,0,1,0.04
49,140,0,3,0.04
49,127,0,2,0.04
49,129,0,0,0.04
49,145,0,3,0.04
49,123,0,0,0.04
49,148,0,0,0.04
49,136,0,0,0.04
49,140,0,1,0.04
49,141,0,2,0.04
49,131,0,0,0.04
49,119,0,0,0.03
49,132,0,0,0.03
49,140,0,3,0.03
49,125,0,1,0.03
49,139,0,1,0.03
49,137,0,0,0.03
49,142,0,3,0.03
49,149,0,2,0.03
49,141,0,1,0.03
49,143,0,1,0.03
49,133,0,1,0.03
49,120,0,0,0.03
49,136,0,1,0.03
49,129,0,1,0.03
49,136,0,0,0.03
49,118,0,0,0.02
49,131,0,0,0.02
49,139,0,0,0.02
49,143,0,0,0.02
49,123,0,0,0.02
49,132,0,2,0.02
49,141,0,2,0.02
49,135,0,2,0.02
49,130,0,0,0.02
49,125,0,0,0.02
49,129,0,1,0.02
49,134,0,3,0.02
49,143,0,1,0.02
49,128,0,0,0.02
49,141,0,0,0.02
49,138,0,0,0.02
49,144,0,1,0.02
49,110,0,0,0.02
49,119,0,0,0.02
49,128,0,1,0.02
49,135,0,0,0.02
49,131,0,0,0.02
49,121,0,0,0.02
49,130,0,0,0.02
49,131,0,0,0.02
49,133,0,0,0.02
49,141,0,0,0.02
49,134,0,1,0.02
49,144,0,2,0.02
49,143,0,0,0.02
49,131,0,0,0.02
49,146,0,0,0.02
49,144,0,1,0.02
49,136,0,1,0.02
49,127,0,0,0.02
49,144,0,2,0.02
49,128,0,0,0.02
49,144,0,1,0.01
49,145,0,0,0.01
49,122,0,0,0.01
49,127,0,0,0.01
49,147,0,1,0.01
49,125,0,0,0.01
49,137,0,0,0.01
49,134,0,0,0.01
49,129,0,0,0.01
49,130,0,0,0.01
49,126,0,1,0.01
49,152,0,0,0.01
49,118,0,0,0.5
49,188,0,21,0.34
49,208,0,16,0.25
49,174,0,7,0.2
49,157,0,10,0.17
49,142,0,6,0.16
49,160,0,8,0.14
49,136,0,3,0.13
49,138,0,3,0.12
49,161,0,2,0.11
49,152,0,3,0.1
49,161,0,8,0.09
49,147,0,3,0.08
49,142,0,5,0.08
49,140,0,4,0.07
49,149,0,3,0.07
49,124,0,1,0.07
49,126,0,1,0.06
49,143,0,6,0.06
49,147,0,2,0.06
49,136,0,2,0.06
49,145,0,0,0.05
49,156,0,1,0.05
49,156,0,0,0.05
49,131,0,1,0.05
49,131,0,3,0.05
49,135,0,2,0.05
49,146,0,2,0.04
49,130,0,2,0.04
49,141,0,4,0.04
49,142,0,0,0.04
49,123,0,0,0.04
49,124,0,0,0.04
49,149,0,1,0.04
49,128,0,1,0.04
49,124,0,2,0.04
49,130,0,1,0.04
49,132,0,3,0.03
49,119,0,0,0.03
49,137,0,1,0.03
49,144,0,1,0.03
49,139,0,0,0.03
49,143,0,0,0.03
49,145,0,1,0.03
49,132,0,3,0.03
49,132,0,2,0.03
49,136,0,2,0.03
49,148,0,2,0.03
49,138,0,1,0.03
49,143,0,0,0.03
49,125,0,0,0.03
49,137,0,0,0.03
49,148,0,0,0.03
49,136,0,2,0.02
49,147,0,1,0.02
49,128,0,0,0.02
49,130,0,1,0.02
49,117,0,1,0.02
49,146,0,1,0.02
49,160,0,2,0.02
49,143,0,0,0.02
49,130,0,0,0.02
49,139,0,0,0.02
49,119,0,1,0.02
49,122,0,1,0.02
49,133,0,0,0.02
49,149,0,0,0.02
49,130,0,0,0.02
49,139,0,1,0.02
49,137,0,0,0.02
49,142,0,1,0.02
49,126,0,1,0.02
49,137,0,0,0.02
49,125,0,1,0.02
49,133,0,0,0.02
49,144,0,0,0.02
49,140,0,0,0.02
49,123,0,0,0.02
49,135,0,2,0.02
49,133,0,0,0.02
49,126,0,1,0.02
49,122,0,1,0.02
49,147,0,1,0.02
49,132,0,1,0.02
49,112,0,0,0.02
49,129,0,1,0.02
49,128,0,1,0.02
49,124,0,2,0.02
49,142,0,0,0.02
49,129,0,0,0.01
49,149,0,1,0.01
49,132,0,0,0.01
49,135,0,0,0.01
49,136,0,1,0.01
49,127,0,1,0.01
49,121,0,0,0.01
49,121,0,0,0.01
49,129,0,1,0.01
49,133,0,0,0.01
49,146,0,1,0.01
49,133,0,0,0.5
49,221,0,21,0.33
49,200,0,23,0.24
49,179,0,6,0.2
49,146,0,7,0.17
49,154,0,5,0.16
49,144,0,10,0.14
49,151,0,8,0.12
49,159,0,6,0.11
49,139,0,2,0.11
49,162,0,4,0.1
49,144,0,4,0.09
49,148,0,5,0.08
49,129,0,3,0.08
49,125,0,5,0.07
49,135,0,1,0.07
49,138,0,2,0.07
49,145,0,3,0.07
49,125,0,1,0.06
49,131,0,1,0.06
49,144,0,4,0.06
49,132,0,2,0.06
49,116,0,1,0.05
49,138,0,0,0.05
49,130,0,1,0.05
49,137,0,1,0.05
49,127,0,1,0.05
49,130,0,2,0.05
49,140,0,1,0.05
49,142,0,1,0.04
49,143,0,4,0.04
49,129,0,1,0.04
49,123,0,1,0.04
49,141,0,1,0.04
49,132,0,1,0.04
49,125,0,2,0.04
49,139,0,1,0.04
49,135,0,2,0.03
49,142,0,0,0.03
49,144,0,2,0.03
49,121,0,2,0.03
49,139,0,2,0.03
49,145,0,1,0.03
49,143,0,2,0.03
49,137,0,0,0.03
49,144,0,1,0.03
49,139,0,2,0.03
49,140,0,5,0.03
49,142,0,0,0.03
49,137,0,1,0.03
49,149,0,0,0.03
49,129,0,0,0.02
49,136,0,2,0.02
49,139,0,0,0.02
49,132,0,0,0.02
49,124,0,0,0.02
49,137,0,2,0.02
49,134,0,0,0.02
49,123,0,1,0.02
49,118,0,0,0.02
49,139,0,2,0.02
49,140,0,1,0.02
49,140,0,2,0.02
49,136,0,1,0.02
49,140,0,0,0.02
49,129,0,1,0.02
49,136,0,1,0.02
49,142,0,1,0.02
49,136,0,3,0.02
49,121,0,0,0.02
49,160,0,2,0.02
49,127,0,1,0.02
49,127,0,1,0.02
49,142,0,2,0.02
49,126,0,1,0.02
49,138,0,2,0.02
49,132,0,0,0.02
49,130,0,0,0.02
49,128,0,1,0.02
49,135,0,0,0.02
49,140,0,0,0.02
49,146,0,1,0.02
49,139,0,2,0.02
49,143,0,2,0.02
49,132,0,1,0.02
49,144,0,1,0.02
49,147,0,1,0.02
49,140,0,0,0.02
49,134,0,2,0.02
49,140,0,2,0.02
49,121,0,0,0.02
49,124,0,1,0.01
49,136,0,2,0.01
49,139,0,0,0.01
49,121,0,1,0.01
49,134,0,1,0.01
49,141,0,0,0.01
49,134,0,0,0.01
49,142,0,0,0.01
49,134,0,0,0.01
49,137,0,0,0.5
Score,Steps,Bombs_placed,Invalid_moves,Epsilon
11,400,0,55,0.31
24,400,0,32,0.21
Score,Steps,Bombs_placed,Invalid_moves,Epsilon
8,185,0,36,0.5
Score,Steps,Bombs_placed,Invalid_moves,Epsilon
49,284,0,32,0.42
49,218,0,15,0.28
49,174,0,12,0.22
49,170,0,10,0.19
49,149,0,8,0.17
49,187,0,5,0.15
49,140,0,3,0.13
49,164,0,12,0.12
49,158,0,1,0.11
49,153,0,4,0.1
49,164,0,4,0.09
49,154,0,8,0.08
49,172,0,4,0.08
49,170,0,4,0.07
49,145,0,2,0.07
49,158,0,4,0.06
49,169,0,10,0.06
49,152,0,7,0.06
49,201,0,13,0.06
49,222,0,20,0.05
49,236,0,20,0.05
49,337,0,121,0.04
49,268,0,31,0.04
49,195,0,11,0.04
49,333,0,72,0.04
49,326,0,25,0.03
43,400,0,89,0.03
49,320,0,21,0.03
36,400,0,116,0.03
46,400,0,46,0.03
32,400,0,83,0.03
34,400,0,51,0.03
37,400,0,83,0.02
25,400,0,73,0.02
28,400,0,75,0.02
12,400,0,54,0.02
24,400,0,85,0.02
27,400,0,67,0.02
17,400,0,51,0.02
29,400,0,66,0.02
24,400,0,67,0.02
21,400,0,104,0.02
29,400,0,92,0.02
15,400,0,77,0.02
26,400,0,83,0.01
24,400,0,62,0.01
23,400,0,100,0.01
21,400,0,62,0.01
21,400,0,50,0.01
20,400,0,50,0.01
13,400,0,76,0.01
18,400,0,75,0.01
22,400,0,154,0.01
36,400,0,99,0.01
19,400,0,47,0.01
27,400,0,97,0.01
16,400,0,90,0.01
38,400,0,74,0.01
33,400,0,80,0.01
30,400,0,86,0.01
27,400,0,85,0.01
11,400,0,300,0.01
36,400,0,90,0.01
32,400,0,61,0.01
31,400,0,143,0.01
27,400,0,51,0.01
30,400,0,67,0.01
37,400,0,107,0.01
29,400,0,78,0.01
33,400,0,45,0.01
25,400,0,85,0.01
27,400,0,62,0.01
14,400,0,50,0.01
36,400,0,31,0.01
32,400,0,58,0.01
31,400,0,137,0.01
19,400,0,110,0.01
28,400,0,28,0.01
36,400,0,70,0.01
28,400,0,67,0.01
34,400,0,19,0.01
35,400,0,55,0.01
38,400,0,34,0.01
34,400,0,79,0.01
31,400,0,51,0.01
40,400,0,35,0.01
30,400,0,56,0.01
35,400,0,37,0.01
31,400,0,24,0.01
38,400,0,40,0.01
40,400,0,36,0.01
41,400,0,25,0.01
40,400,0,20,0.01
33,400,0,27,0.01
34,400,0,16,0.01
33,400,0,21,0.01
36,400,0,21,0.01
29,400,0,18,0.01
29,400,0,13,0.01
35,400,0,12,0.5
36,400,0,27,0.26
37,400,0,31,0.17
38,400,0,8,0.12
34,400,0,12,0.1
44,400,0,11,0.08
34,400,0,7,0.07
32,400,0,4,0.06
32,400,0,1,0.06
26,400,0,4,0.05
20,400,0,2,0.05
23,400,0,6,0.04
18,400,0,3,0.04
27,400,0,3,0.04
31,400,0,0,0.04
30,400,0,1,0.03
32,400,0,4,0.03
24,400,0,1,0.03
22,400,0,3,0.03
25,400,0,1,0.03
31,400,0,8,0.03
25,400,0,2,0.02
28,400,0,2,0.02
27,400,0,1,0.02
36,400,0,3,0.02
32,400,0,1,0.02
32,400,0,2,0.02
31,400,0,3,0.02
19,400,0,3,0.02
25,400,0,1,0.02
19,400,0,1,0.02
16,400,0,0,0.02
28,400,0,1,0.02
25,400,0,3,0.01
20,400,0,0,0.01
27,400,0,1,0.01
27,400,0,1,0.01
24,400,0,0,0.01
16,400,0,1,0.01
24,400,0,0,0.01
34,400,0,0,0.01
28,400,0,2,0.01
20,400,0,0,0.01
14,400,0,3,0.01
26,400,0,0,0.01
27,400,0,1,0.01
35,400,0,2,0.01
13,400,0,1,0.01
22,400,0,0,0.01
25,400,0,2,0.01
23,400,0,0,0.01
27,400,0,1,0.01
23,400,0,0,0.01
22,400,0,0,0.01
27,400,0,1,0.01
26,400,0,0,0.01
18,400,0,0,0.01
13,400,0,0,0.01
39,400,0,0,0.01
40,400,0,1,0.01
33,400,0,1,0.01
22,400,0,0,0.01
47,400,0,1,0.01
49,353,0,2,0.01
49,231,0,0,0.01
32,400,0,2,0.01
49,335,0,2,0.01
49,320,0,1,0.01
49,316,0,1,0.01
49,221,0,0,0.01
49,236,0,1,0.01
49,164,0,0,0.01
49,155,0,0,0.01
49,192,0,0,0.01
49,205,0,0,0.01
49,192,0,0,0.01
49,175,0,0,0.01
49,146,0,0,0.01
49,152,0,1,0.01
49,142,0,1,0.01
49,168,0,1,0.01
49,127,0,0,0.01
49,141,0,0,0.01
49,146,0,0,0.01
49,156,0,1,0.01
49,127,0,0,0.01
49,140,0,1,0.01
49,147,0,0,0.01
49,143,0,0,0.01
49,122,0,0,0.01
49,156,0,0,0.01
49,132,0,0,0.01
49,142,0,1,0.01
49,136,0,1,0.01
49,123,0,0,0.01
49,127,0,1,0.01
49,140,0,1,0.01
49,128,0,0,0.01
49,147,0,0,0.01
49,137,0,1,0.01
49,139,0,1,0.5
49,214,0,15,0.33
49,209,0,17,0.23
49,160,0,9,0.2
49,148,0,4,0.18
49,166,0,4,0.15
49,145,0,6,0.14
49,148,0,3,0.12
49,153,0,8,0.11
49,138,0,3,0.1
49,160,0,4,0.1
49,153,0,5,0.09
49,158,0,3,0.08
49,122,0,3,0.08
49,140,0,0,0.07
49,122,0,4,0.07
49,141,0,2,0.07
49,131,0,2,0.07
49,147,0,2,0.06
49,132,0,1,0.06
49,152,0,3,0.05
49,141,0,2,0.05
49,148,0,3,0.05
49,124,0,0,0.05
49,143,0,1,0.05
49,127,0,1,0.05
49,137,0,3,0.05
49,131,0,0,0.04
49,126,0,3,0.04
49,127,0,1,0.04
49,146,0,0,0.04
49,124,0,1,0.04
49,132,0,0,0.04
49,140,0,2,0.04
49,122,0,0,0.04
49,141,0,4,0.04
49,131,0,1,0.03
49,129,0,3,0.03
49,114,0,1,0.03
49,122,0,1,0.03
49,124,0,0,0.03
49,137,0,1,0.03
49,130,0,2,0.03
49,134,0,1,0.03
49,142,0,0,0.03
49,144,0,0,0.03
49,130,0,0,0.03
49,141,0,0,0.03
49,130,0,0,0.03
49,122,0,3,0.03
49,138,0,0,0.03
49,144,0,0,0.03
49,161,0,1,0.03
49,124,0,0,0.02
49,133,0,1,0.02
49,123,0,0,0.02
49,142,0,0,0.02
49,120,0,1,0.02
49,132,0,0,0.02
49,128,0,0,0.02
49,122,0,2,0.02
49,123,0,1,0.02
49,137,0,0,0.02
49,130,0,1,0.02
49,129,0,0,0.02
49,154,0,2,0.02
49,153,0,0,0.02
49,138,0,0,0.02
49,131,0,1,0.02
49,139,0,0,0.02
49,133,0,1,0.02
49,121,0,0,0.02
49,131,0,1,0.02
49,144,0,1,0.02
49,145,0,1,0.02
49,121,0,0,0.02
49,131,0,1,0.02
49,122,0,0,0.02
49,139,0,0,0.02
49,120,0,1,0.02
49,131,0,0,0.02
49,127,0,0,0.02
49,127,0,2,0.02
49,127,0,1,0.02
49,135,0,2,0.02
49,121,0,0,0.02
49,135,0,1,0.02
49,121,0,2,0.02
49,138,0,0,0.02
49,132,0,0,0.02
49,125,0,0,0.02
49,138,0,0,0.01
49,129,0,0,0.01
49,123,0,1,0.01
49,115,0,0,0.01
49,126,0,0,0.01
49,136,0,1,0.01
49,128,0,0,0.01
49,141,0,2,0.01
49,125,0,0,0.01
49,117,0,0,0.5
49,211,0,22,0.32
49,189,0,19,0.24
49,149,0,6,0.21
49,162,0,8,0.18
49,173,0,3,0.15
49,151,0,1,0.14
49,142,0,6,0.12
49,137,0,5,0.11
49,146,0,6,0.11
49,137,0,2,0.1
49,153,0,4,0.09
49,137,0,3,0.09
49,131,0,7,0.08
49,130,0,5,0.08
49,132,0,1,0.08
49,139,0,2,0.07
49,133,0,1,0.07
49,140,0,4,0.07
49,135,0,3,0.06
49,146,0,3,0.06
49,132,0,0,0.06
49,136,0,4,0.06
49,130,0,5,0.05
49,136,0,1,0.05
49,134,0,2,0.05
49,126,0,1,0.05
49,142,0,1,0.05
49,134,0,1,0.05
49,139,0,2,0.04
49,127,0,2,0.04
49,128,0,1,0.04
49,143,0,1,0.04
49,138,0,0,0.04
49,131,0,1,0.04
49,130,0,1,0.04
49,137,0,2,0.04
49,137,0,0,0.04
49,137,0,0,0.04
49,123,0,1,0.03
49,130,0,0,0.03
49,127,0,2,0.03
49,133,0,1,0.03
49,129,0,1,0.03
49,148,0,1,0.03
49,124,0,1,0.03
49,136,0,1,0.03
49,136,0,0,0.03
49,130,0,2,0.03
49,128,0,0,0.03
49,134,0,1,0.03
49,137,0,1,0.03
49,131,0,1,0.03
49,125,0,0,0.03
49,141,0,0,0.02
49,129,0,1,0.02
49,143,0,1,0.02
49,134,0,0,0.02
49,119,0,0,0.02
49,128,0,0,0.02
49,123,0,1,0.02
49,126,0,1,0.02
49,132,0,1,0.02
49,117,0,0,0.02
49,131,0,0,0.02
49,118,0,1,0.02
49,127,0,0,0.02
49,145,0,0,0.02
49,119,0,1,0.02
49,116,0,2,0.02
49,134,0,1,0.02
49,129,0,1,0.02
49,128,0,1,0.02
49,129,0,1,0.02
49,138,0,1,0.02
49,129,0,0,0.02
49,127,0,0,0.02
49,122,0,1,0.02
49,123,0,0,0.02
49,146,0,1,0.02
49,146,0,1,0.02
49,135,0,0,0.02
49,155,0,0,0.02
49,137,0,2,0.02
49,125,0,0,0.02
49,129,0,1,0.02
49,135,0,0,0.02
49,148,0,0,0.02
49,126,0,1,0.02
49,127,0,0,0.02
49,116,0,1,0.02
49,135,0,1,0.02
49,118,0,0,0.01
49,119,0,0,0.01
49,141,0,0,0.01
49,121,0,0,0.01
49,127,0,1,0.01
49,123,0,0,0.01
49,143,0,2,0.01
49,141,0,0,0.01
49,120,0,0,0.5
49,228,0,31,0.3
49,166,0,12,0.25
49,166,0,11,0.2
49,169,0,11,0.17
49,154,0,4,0.15
49,126,0,3,0.14
49,152,0,2,0.13
49,137,0,5,0.12
49,150,0,4,0.11
49,138,0,5,0.1
49,121,0,3,0.09
49,136,0,2,0.09
49,135,0,3,0.08
49,139,0,2,0.08
49,139,0,3,0.08
49,127,0,1,0.07
49,155,0,3,0.07
49,134,0,2,0.07
49,151,0,3,0.06
49,149,0,3,0.06
49,127,0,1,0.06
49,150,0,1,0.06
49,144,0,0,0.06
49,121,0,3,0.06
49,146,0,1,0.05
49,139,0,2,0.05
49,123,0,1,0.05
49,146,0,2,0.05
49,147,0,1,0.05
49,121,0,3,0.05
49,135,0,1,0.04
49,136,0,3,0.04
49,138,0,3,0.04
49,121,0,4,0.04
49,135,0,1,0.04
49,160,0,3,0.04
49,125,0,1,0.03
49,140,0,2,0.03
49,141,0,1,0.03
49,148,0,0,0.03
49,146,0,2,0.03
49,133,0,2,0.03
49,130,0,0,0.03
49,130,0,3,0.03
49,143,0,4,0.03
49,140,0,0,0.03
49,136,0,3,0.03
49,139,0,0,0.03
49,129,0,0,0.03
49,138,0,0,0.02
49,144,0,1,0.02
49,147,0,0,0.02
49,119,0,0,0.02
49,141,0,0,0.02
49,136,0,2,0.02
49,142,0,1,0.02
49,118,0,0,0.02
49,135,0,0,0.02
49,118,0,0,0.02
49,155,0,2,0.02
49,148,0,1,0.02
49,133,0,1,0.02
49,134,0,0,0.02
49,136,0,0,0.02
49,112,0,1,0.02
49,117,0,0,0.02
49,128,0,1,0.02
49,127,0,0,0.02
49,128,0,0,0.02
49,125,0,1,0.02
49,137,0,2,0.02
49,135,0,2,0.02
49,147,0,1,0.02
49,131,0,1,0.02
49,138,0,1,0.02
49,136,0,1,0.02
49,127,0,0,0.02
49,126,0,0,0.02
49,128,0,0,0.02
49,144,0,1,0.02
49,135,0,0,0.02
49,139,0,0,0.02
49,134,0,0,0.02
49,125,0,0,0.02
49,135,0,1,0.02
49,124,0,1,0.02
49,121,0,0,0.02
49,144,0,0,0.02
49,119,0,0,0.01
49,129,0,0,0.01
49,115,0,1,0.01
49,121,0,0,0.01
49,148,0,0,0.01
49,140,0,1,0.01
49,138,0,0,0.01
49,125,0,0,0.01
49,134,0,2,0.01
49,129,0,1,0.01
49,143,0,0,0.01
49,136,0,1,0.5
49,249,0,29,0.3
49,182,0,15,0.23
49,161,0,8,0.2
49,175,0,13,0.17
49,161,0,8,0.14
49,155,0,5,0.13
49,147,0,7,0.12
49,159,0,1,0.11
49,137,0,6,0.1
49,150,0,3,0.09
49,159,0,4,0.09
49,143,0,1,0.08
49,147,0,3,0.08
49,136,0,1,0.08
49,153,0,4,0.07
49,142,0,1,0.07
49,154,0,4,0.06
49,139,0,4,0.06
49,122,0,2,0.06
49,147,0,3,0.05
49,144,0,2,0.05
49,130,0,3,0.05
49,143,0,2,0.05
49,134,0,1,0.05
49,128,0,2,0.05
49,148,0,5,0.04
49,143,0,6,0.04
49,134,0,0,0.04
49,143,0,3,0.04
49,146,0,2,0.04
49,129,0,0,0.04
49,134,0,2,0.04
49,120,0,0,0.04
49,133,0,1,0.04
49,123,0,2,0.03
49,149,0,3,0.03
49,141,0,1,0.03
49,143,0,3,0.03
49,136,0,0,0.03
49,125,0,0,0.03
49,130,0,2,0.03
49,138,0,1,0.03
49,133,0,1,0.03
49,138,0,2,0.03
49,124,0,0,0.03
49,143,0,0,0.03
49,133,0,0,0.03
49,137,0,0,0.03
49,134,0,0,0.03
49,131,0,1,0.03
49,129,0,1,0.02
49,134,0,1,0.02
49,139,0,1,0.02
49,147,0,0,0.02
49,135,0,3,0.02
49,145,0,0,0.02
49,110,0,0,0.02
49,115,0,0,0.02
49,121,0,0,0.02
49,124,0,0,0.02
49,140,0,0,0.02
49,139,0,2,0.02
49,126,0,0,0.02
49,138,0,0,0.02
49,125,0,0,0.02
49,144,0,0,0.02
49,134,0,0,0.02
49,140,0,2,0.02
49,129,0,0,0.02
49,132,0,0,0.02
49,125,0,0,0.02
49,117,0,1,0.02
49,140,0,1,0.02
49,137,0,0,0.02
49,143,0,0,0.02
49,143,0,1,0.02
49,127,0,0,0.02
49,139,0,0,0.02
49,142,0,0,0.02
49,128,0,0,0.02
49,120,0,0,0.02
49,147,0,1,0.02
49,134,0,1,0.02
49,133,0,0,0.02
49,146,0,0,0.02
49,154,0,0,0.02
49,135,0,1,0.02
49,136,0,0,0.02
49,148,0,1,0.02
49,121,0,0,0.02
49,155,0,0,0.02
49,126,0,0,0.02
49,136,0,1,0.02
49,135,0,1,0.02
49,135,0,1,0.02
49,139,0,0,0.02
49,126,0,1,0.02
49,109,0,0,0.01
49,142,0,1,0.01
49,129,0,0,0.5
49,221,0,36,0.31
49,152,0,4,0.25
49,151,0,13,0.21
49,154,0,9,0.18
49,170,0,6,0.15
49,168,0,7,0.14
49,160,0,3,0.12
49,144,0,5,0.11
49,141,0,4,0.1
49,140,0,2,0.1
49,146,0,4,0.09
49,141,0,2,0.08
49,138,0,0,0.08
49,151,0,4,0.07
49,148,0,4,0.07
49,149,0,1,0.07
49,145,0,4,0.06
49,158,0,2,0.06
49,142,0,2,0.06
49,141,0,2,0.05
49,124,0,1,0.05
49,126,0,1,0.05
49,147,0,3,0.05
49,145,0,2,0.05
49,141,0,1,0.05
49,138,0,2,0.04
49,134,0,3,0.04
49,144,0,4,0.04
49,135,0,2,0.04
49,124,0,2,0.04
49,152,0,0,0.04
49,149,0,1,0.04
49,140,0,1,0.04
49,138,0,0,0.03
49,127,0,1,0.03
49,146,0,3,0.03
49,148,0,0,0.03
49,128,0,1,0.03
49,161,0,4,0.03
49,132,0,0,0.03
49,145,0,2,0.03
49,141,0,1,0.03
49,144,0,1,0.03
49,132,0,1,0.03
49,153,0,1,0.03
49,134,0,2,0.03
49,146,0,2,0.03
49,133,0,0,0.03
49,145,0,1,0.02
49,151,0,1,0.02
49,138,0,0,0.02
49,146,0,2,0.02
49,148,0,2,0.02
49,131,0,1,0.02
49,134,0,0,0.02
49,133,0,2,0.02
49,139,0,0,0.02
49,128,0,2,0.02
49,138,0,0,0.02
49,144,0,0,0.02
49,129,0,1,0.02
49,133,0,1,0.02
49,120,0,2,0.02
49,152,0,1,0.02
49,129,0,1,0.02
49,136,0,1,0.02
49,128,0,0,0.02
49,149,0,0,0.02
49,142,0,0,0.02
49,130,0,0,0.02
49,138,0,1,0.02
49,140,0,1,0.02
49,132,0,1,0.02
49,145,0,2,0.02
49,137,0,0,0.02
49,135,0,0,0.02
49,135,0,1,0.02
49,126,0,1,0.02
49,125,0,0,0.02
49,132,0,0,0.02
49,132,0,0,0.02
49,130,0,2,0.01
49,131,0,2,0.01
49,133,0,0,0.01
49,135,0,0,0.01
49,136,0,1,0.01
49,132,0,1,0.01
49,145,0,0,0.01
49,137,0,0,0.01
49,137,0,3,0.01
49,128,0,0,0.01
49,125,0,2,0.01
49,136,0,1,0.01
49,141,0,0,0.01
49,123,0,0,0.01
49,135,0,0,0.01
49,135,0,0,0.01
49,129,0,0,0.01
49,146,0,2,0.01
49,133,0,0,0.5
Score,Steps,Bombs_placed,Invalid_moves,Epsilon
Score,Steps,Bombs_placed,Invalid_moves,Epsilon
49,304,0,47,0.35
49,217,0,19,0.26
49,150,0,5,0.22
49,156,0,7,0.19
49,175,0,5,0.17
49,180,0,3,0.14
49,138,0,6,0.13
49,140,0,4,0.12
49,170,0,4,0.11
49,160,0,3,0.1
49,153,0,6,0.09
49,149,0,4,0.08
49,155,0,1,0.08
49,184,0,4,0.07
49,150,0,2,0.07
49,130,0,1,0.07
49,125,0,1,0.06
49,156,0,3,0.06
49,140,0,2,0.06
49,126,0,2,0.06
49,160,0,1,0.06
49,141,0,1,0.05
49,148,0,1,0.05
49,154,0,2,0.05
49,153,0,0,0.05
49,155,0,1,0.05
49,138,0,1,0.05
49,153,0,3,0.04
49,128,0,3,0.04
49,150,0,3,0.04
49,182,0,0,0.04
49,135,0,1,0.04
49,141,0,2,0.04
49,145,0,0,0.04
49,145,0,0,0.04
49,134,0,1,0.04
49,122,0,3,0.03
49,139,0,2,0.03
49,133,0,1,0.03
49,118,0,2,0.03
49,157,0,1,0.03
49,129,0,0,0.03
49,158,0,0,0.03
49,130,0,0,0.03
49,138,0,3,0.03
49,132,0,0,0.03
49,132,0,1,0.03
49,122,0,1,0.03
49,149,0,0,0.03
49,129,0,2,0.03
49,136,0,1,0.03
49,140,0,1,0.02
49,129,0,0,0.02
49,155,0,1,0.02
49,134,0,1,0.02
49,111,0,0,0.02
49,137,0,0,0.02
49,108,0,1,0.02
49,142,0,2,0.02
49,132,0,0,0.02
49,136,0,1,0.02
49,127,0,2,0.02
49,166,0,1,0.02
49,127,0,0,0.02
49,151,0,0,0.02
49,140,0,2,0.02
49,135,0,0,0.02
49,141,0,0,0.02
49,140,0,1,0.02
49,142,0,0,0.02
49,129,0,2,0.02
49,153,0,2,0.02
49,153,0,0,0.02
49,150,0,1,0.02
49,145,0,1,0.02
49,167,0,4,0.02
49,125,0,5,0.02
49,136,0,7,0.02
49,132,0,1,0.02
49,128,0,2,0.02
49,124,0,1,0.02
49,142,0,1,0.02
49,129,0,2,0.02
49,130,0,1,0.02
49,125,0,0,0.02
49,123,0,0,0.02
49,131,0,1,0.02
49,117,0,0,0.02
49,139,0,2,0.02
49,129,0,2,0.02
49,197,0,56,0.02
49,135,0,2,0.02
49,110,0,0,0.02
49,117,0,0,0.02
49,131,0,1,0.01
49,139,0,2,0.01
49,122,0,1,0.01
49,129,0,0,0.01
49,123,0,0,0.01
49,116,0,1,0.5
49,215,0,17,0.33
49,200,0,17,0.25
49,159,0,4,0.21
49,152,0,6,0.18
49,146,0,6,0.16
49,148,0,1,0.14
49,155,0,6,0.13
49,170,0,10,0.11
49,139,0,4,0.1
49,136,0,4,0.09
49,127,0,3,0.09
49,131,0,2,0.08
49,146,0,4,0.08
49,138,0,0,0.08
49,127,0,3,0.07
49,164,0,1,0.07
49,118,0,1,0.06
49,150,0,2,0.06
49,122,0,2,0.06
49,130,0,1,0.06
49,134,0,2,0.05
49,133,0,0,0.05
49,141,0,4,0.05
49,136,0,2,0.05
49,122,0,3,0.05
49,142,0,3,0.05
49,123,0,2,0.04
49,153,0,1,0.04
49,129,0,2,0.04
49,135,0,3,0.04
49,144,0,3,0.04
49,140,0,2,0.04
49,131,0,1,0.03
49,132,0,1,0.03
49,115,0,0,0.03
49,134,0,3,0.03
49,121,0,2,0.03
49,149,0,5,0.03
49,119,0,0,0.03
49,133,0,0,0.03
49,134,0,0,0.03
49,117,0,3,0.03
49,145,0,25,0.03
49,123,0,2,0.03
49,128,0,0,0.03
49,115,0,0,0.03
49,121,0,0,0.03
49,143,0,1,0.03
49,111,0,3,0.03
49,138,0,0,0.02
49,150,0,3,0.02
49,221,0,87,0.02
49,110,0,1,0.02
49,121,0,0,0.02
49,119,0,0,0.02
49,126,0,1,0.02
49,118,0,0,0.02
49,123,0,3,0.02
49,130,0,0,0.02
49,120,0,2,0.02
49,130,0,4,0.02
49,130,0,1,0.02
49,127,0,0,0.02
49,121,0,0,0.02
49,132,0,0,0.02
49,141,0,25,0.02
49,151,0,0,0.02
49,138,0,0,0.02
49,131,0,4,0.02
49,119,0,0,0.02
49,125,0,0,0.02
49,132,0,9,0.02
49,198,0,58,0.02
49,128,0,4,0.02
49,122,0,4,0.02
49,137,0,6,0.02
49,134,0,0,0.02
49,124,0,0,0.02
49,110,0,0,0.02
49,120,0,0,0.02
49,126,0,2,0.02
49,122,0,0,0.02
49,175,0,30,0.02
49,134,0,3,0.02
49,120,0,1,0.02
49,115,0,1,0.02
49,131,0,0,0.02
49,137,0,1,0.01
49,151,0,18,0.01
49,123,0,0,0.01
49,123,0,0,0.01
49,128,0,3,0.01
49,131,0,2,0.01
49,124,0,1,0.01
49,124,0,0,0.01
49,120,0,0,0.01
49,136,0,3,0.01
