0,5,1,3,0.08
0,64,8,5,0.08
0,54,6,3,0.07
0,59,5,5,0.07
1,50,5,3,0.07
2,80,8,11,0.07
0,11,1,2,0.07
0,26,3,1,0.07
3,83,10,11,0.07
1,101,7,5,0.07
2,50,4,3,0.07
3,74,7,5,0.06
0,41,4,4,0.06
2,121,15,19,0.06
4,139,17,19,0.06
1,56,6,6,0.06
0,62,8,8,0.06
1,55,7,9,0.05
2,40,5,5,0.05
2,187,15,9,0.05
1,41,3,10,0.05
5,291,16,12,0.05
2,107,12,8,0.05
2,92,8,4,0.05
1,90,9,8,0.04
0,27,4,9,0.04
1,52,5,5,0.04
0,10,1,2,0.04
1,98,6,6,0.04
0,53,3,7,0.04
4,265,11,9,0.04
1,95,6,4,0.04
3,400,17,11,0.04
0,29,4,3,0.04
0,23,2,1,0.04
4,178,13,7,0.04
2,98,11,9,0.03
1,69,8,6,0.03
0,5,1,2,0.03
0,25,3,2,0.03
1,51,6,5,0.03
6,160,16,13,0.03
2,63,8,5,0.03
1,59,7,2,0.03
3,74,9,9,0.03
1,48,6,6,0.03
0,57,5,3,0.03
3,73,8,3,0.03
1,70,9,9,0.03
1,95,9,8,0.03
5,174,10,7,0.03
5,194,21,13,0.03
3,94,10,6,0.03
1,245,11,5,0.03
0,46,4,4,0.03
4,133,12,9,0.03
3,171,10,7,0.03
2,98,9,3,0.03
4,247,17,9,0.03
1,213,14,7,0.03
0,61,7,7,0.02
1,56,5,2,0.02
2,144,11,8,0.02
3,155,9,5,0.02
1,37,2,3,0.02
1,31,4,0,0.02
1,76,10,9,0.5
0,11,1,3,0.48
0,11,1,4,0.46
0,24,2,7,0.43
0,6,1,4,0.42
0,27,3,8,0.38
0,27,2,8,0.36
1,54,7,12,0.33
0,6,1,3,0.32
0,5,1,3,0.32
0,7,1,4,0.31
0,41,4,6,0.29
0,5,1,4,0.29
1,44,4,9,0.27
2,109,10,16,0.23
1,127,4,16,0.19
2,37,3,9,0.18
1,35,3,6,0.18
1,128,8,16,0.16
0,28,1,2,0.16
2,54,6,5,0.15
0,37,5,8,0.15
1,18,2,4,0.14
2,47,4,6,0.14
0,55,7,4,0.13
0,21,3,5,0.13
3,66,5,4,0.13
5,144,14,14,0.12
0,50,6,5,0.12
1,137,7,14,0.11
1,125,8,12,0.1
0,103,8,10,0.1
0,27,2,1,0.1
0,85,4,4,0.1
1,72,7,7,0.09
3,52,5,0,0.09
1,25,3,0,0.09
0,88,2,4,0.09
1,102,9,11,0.08
0,5,1,3,0.08
0,63,6,6,0.08
5,265,24,17,0.07
0,10,1,2,0.07
1,167,13,9,0.07
0,131,3,8,0.06
5,266,21,14,0.06
0,15,2,1,0.06
0,48,2,4,0.06
5,194,18,5,0.05
2,59,6,3,0.05
0,45,3,2,0.05
1,38,4,2,0.05
2,103,11,13,0.05
2,36,3,1,0.05
2,66,6,4,0.05
0,9,1,4,0.05
5,130,13,3,0.05
5,112,13,8,0.05
1,109,14,8,0.05
1,67,5,2,0.05
1,62,7,5,0.05
3,105,11,3,0.04
2,79,9,11,0.04
3,176,16,11,0.04
5,167,12,7,0.04
3,55,6,4,0.04
0,75,7,7,0.04
3,86,9,8,0.04
3,124,10,5,0.04
1,95,10,2,0.04
4,400,10,8,0.04
1,37,3,0,0.04
0,104,1,3,0.04
1,115,10,7,0.04
0,26,3,6,0.04
3,108,8,4,0.03
3,280,12,11,0.03
0,66,9,4,0.03
1,64,8,4,0.03
1,82,9,4,0.03
1,59,7,2,0.03
6,182,19,5,0.03
2,110,13,5,0.03
7,385,26,22,0.03
4,109,12,7,0.03
0,44,6,5,0.03
1,95,11,12,0.03
5,222,20,5,0.03
4,228,20,9,0.03
1,89,11,8,0.03
3,114,13,7,0.03
6,135,15,13,0.03
2,85,10,9,0.03
0,45,6,6,0.03
0,21,3,5,0.03
4,122,12,2,0.02
4,132,13,8,0.02
4,113,13,12,0.02
1,84,9,10,0.02
2,91,11,6,0.02
1,29,4,1,0.5
0,13,2,4,0.49
0,23,2,4,0.46
0,5,1,2,0.45
0,7,1,5,0.44
0,12,1,2,0.42
0,18,2,5,0.41
0,5,1,3,0.4
0,9,1,1,0.39
0,35,1,8,0.37
0,42,2,10,0.35
0,48,4,11,0.32
1,28,3,7,0.3
0,24,1,6,0.29
0,17,2,6,0.29
1,82,8,12,0.25
0,24,2,2,0.25
0,22,3,7,0.24
2,74,7,9,0.22
2,79,8,9,0.2
0,98,6,11,0.19
0,47,6,10,0.18
2,40,3,7,0.17
0,17,1,3,0.17
0,70,6,4,0.16
1,65,6,8,0.15
1,48,5,10,0.15
0,42,4,7,0.14
0,42,4,11,0.14
1,34,3,6,0.13
4,143,16,18,0.12
2,62,8,4,0.12
0,63,6,9,0.11
3,78,8,13,0.11
2,73,8,7,0.11
2,129,12,7,0.1
0,21,1,2,0.1
0,32,3,8,0.1
0,34,1,3,0.1
2,61,7,9,0.1
1,53,7,7,0.1
1,25,3,1,0.09
0,18,1,3,0.09
0,21,2,3,0.09
2,71,5,5,0.09
3,40,4,3,0.09
0,9,1,4,0.09
0,39,3,4,0.08
0,21,1,2,0.08
1,62,6,9,0.08
3,225,14,15,0.07
2,86,6,7,0.07
1,54,5,2,0.07
0,69,7,10,0.06
1,69,7,3,0.06
1,301,6,12,0.06
0,5,1,3,0.06
0,39,2,1,0.06
1,51,3,1,0.06
3,79,8,3,0.06
2,63,6,1,0.06
1,69,7,8,0.05
1,49,6,9,0.05
2,41,4,6,0.05
3,184,18,16,0.05
2,49,6,5,0.05
3,35,4,2,0.05
0,45,6,5,0.05
2,68,8,9,0.05
4,165,19,17,0.05
7,174,21,27,0.04
3,136,18,17,0.04
0,85,11,17,0.04
0,7,1,1,0.04
7,177,21,30,0.04
0,7,1,2,0.04
3,35,4,6,0.04
2,41,5,3,0.04
1,36,5,3,0.04
3,59,7,8,0.04
6,141,15,11,0.04
2,51,6,7,0.04
0,38,5,2,0.04
4,168,18,7,0.04
5,166,21,10,0.03
0,67,8,2,0.03
5,400,26,10,0.03
0,75,10,10,0.03
1,109,6,8,0.03
2,64,7,4,0.03
6,288,26,4,0.03
4,240,18,16,0.03
4,400,13,14,0.03
1,400,8,8,0.03
4,400,21,15,0.02
0,142,1,4,0.02
4,400,16,12,0.02
0,400,0,3,0.02
3,131,14,6,0.02
2,400,14,6,0.02
2,142,11,1,0.5
0,31,3,10,0.46
0,33,1,12,0.43
1,50,3,9,0.39
0,19,1,4,0.38
0,40,1,11,0.36
0,15,1,2,0.35
0,15,2,2,0.34
0,15,1,3,0.33
0,36,1,9,0.31
0,14,2,1,0.31
1,49,5,10,0.29
0,6,1,3,0.29
0,15,2,3,0.28
4,139,9,22,0.23
1,47,5,4,0.22
1,59,3,10,0.21
3,102,11,11,0.19
3,63,6,7,0.18
1,31,3,3,0.17
1,37,5,7,0.17
0,5,1,3,0.17
2,36,4,8,0.16
0,40,3,3,0.16
0,37,5,9,0.15
1,60,7,9,0.14
0,31,4,9,0.14
2,71,8,10,0.13
0,31,2,5,0.13
1,28,2,4,0.12
0,28,4,5,0.12
2,80,10,8,0.12
0,25,3,6,0.12
7,278,28,27,0.1
0,7,1,3,0.1
7,169,17,16,0.09
1,59,7,7,0.09
1,18,2,3,0.09
4,95,9,10,0.08
1,47,6,11,0.08
1,59,6,6,0.08
1,27,3,7,0.08
4,137,15,6,0.08
2,75,8,5,0.07
1,20,2,2,0.07
1,39,5,8,0.07
3,192,20,14,0.07
0,51,7,7,0.07
2,64,7,10,0.07
1,30,3,2,0.07
3,110,12,9,0.06
5,98,11,4,0.06
1,59,7,2,0.06
1,33,4,3,0.06
0,34,3,8,0.06
3,81,8,7,0.06
3,185,8,7,0.06
1,140,10,10,0.06
0,14,1,3,0.06
2,133,7,7,0.05
3,266,18,10,0.05
1,93,8,7,0.05
3,92,10,7,0.05
1,40,4,2,0.05
4,178,18,14,0.04
1,63,6,4,0.04
3,93,10,7,0.04
0,5,1,3,0.04
2,25,3,3,0.04
5,297,12,6,0.04
4,222,20,12,0.04
0,5,1,3,0.04
5,108,12,10,0.04
3,65,8,4,0.04
3,90,9,10,0.04
1,43,5,1,0.04
3,129,14,10,0.04
6,218,23,19,0.03
0,90,11,12,0.03
1,135,12,8,0.03
2,53,6,4,0.03
2,124,10,9,0.03
0,36,4,1,0.03
2,44,5,4,0.03
3,141,7,5,0.03
0,55,6,7,0.03
5,146,15,11,0.03
1,30,3,2,0.03
1,47,5,6,0.03
0,47,6,6,0.03
5,106,10,7,0.03
2,135,13,8,0.03
3,125,13,15,0.03
0,80,8,7,0.03
1,67,5,5,0.03
3,220,23,11,0.03
0,20,2,3,0.03
2,63,7,4,0.03
2,84,8,6,0.03
1,100,8,3,0.03
2,48,5,7,0.5
0,7,1,3,0.49
0,16,1,5,0.47
0,24,2,9,0.44
0,50,5,11,0.4
0,13,1,5,0.39
1,117,7,13,0.33
0,24,2,2,0.32
0,90,6,13,0.28
0,37,4,7,0.27
1,78,2,10,0.24
0,38,1,4,0.23
0,10,1,3,0.23
0,13,1,1,0.22
0,92,4,12,0.2
0,70,4,8,0.19
2,129,4,15,0.17
0,36,1,6,0.17
0,41,1,6,0.16
1,73,7,6,0.15
1,118,7,7,0.15
0,16,2,4,0.14
0,9,1,3,0.14
2,72,6,7,0.14
0,43,2,2,0.14
3,296,12,25,0.11
3,307,23,24,0.1
0,14,1,3,0.1
3,204,15,14,0.09
1,66,4,6,0.09
1,142,7,5,0.08
0,27,3,5,0.08
2,63,7,2,0.08
3,165,13,19,0.07
0,59,1,2,0.07
1,28,3,1,0.07
1,73,8,9,0.07
3,83,9,12,0.07
4,112,11,13,0.07
1,33,3,4,0.07
0,105,1,4,0.06
0,13,2,1,0.06
4,144,10,6,0.06
2,171,13,13,0.06
1,55,6,1,0.06
1,62,6,6,0.06
3,80,9,7,0.05
1,33,4,1,0.05
2,105,7,2,0.05
2,53,5,6,0.05
1,43,5,7,0.05
1,36,3,3,0.05
4,175,18,11,0.05
0,400,0,12,0.05
1,73,5,8,0.04
4,108,12,15,0.04
0,78,8,0,0.04
4,91,10,7,0.04
3,182,18,14,0.04
1,50,3,3,0.04
6,400,19,6,0.04
1,62,7,4,0.04
0,78,10,5,0.04
4,199,22,3,0.03
2,175,19,13,0.03
2,81,10,4,0.03
0,54,5,1,0.03
3,203,10,5,0.03
2,320,8,8,0.03
1,66,8,3,0.03
1,73,6,1,0.03
0,21,1,4,0.03
5,400,11,7,0.03
1,166,9,5,0.03
1,400,10,8,0.03
4,143,10,12,0.03
4,169,10,5,0.03
0,20,1,1,0.03
4,282,18,3,0.03
2,176,11,5,0.03
4,58,6,2,0.02
0,59,1,3,0.02
0,400,0,6,0.02
3,123,11,3,0.02
0,27,3,0,0.02
0,47,1,3,0.02
0,31,3,4,0.02
5,400,11,10,0.02
5,400,16,9,0.02
0,400,0,3,0.02
4,283,10,3,0.02
4,260,8,5,0.02
5,400,10,2,0.02
0,89,3,4,0.02
0,123,1,4,0.02
2,262,5,3,0.02
0,207,2,1,0.02
3,400,11,9,0.02
0,400,0,3,0.02
2,60,5,0,0.02
2,311,5,2,0.5
0,7,1,2,0.49
0,13,1,5,0.48
0,7,1,5,0.46
0,47,4,10,0.41
0,5,1,3,0.41
0,21,2,5,0.39
0,50,4,11,0.36
0,39,2,13,0.33
0,9,1,3,0.32
1,38,4,2,0.31
0,21,1,6,0.3
0,13,2,3,0.3
0,16,1,4,0.29
0,6,1,4,0.28
0,73,8,17,0.25
0,37,3,7,0.24
0,5,1,3,0.24
1,43,4,13,0.22
3,65,7,12,0.21
0,39,5,4,0.2
0,5,1,3,0.2
0,17,2,4,0.2
1,61,7,9,0.19
2,40,5,5,0.19
0,7,1,1,0.19
0,17,2,1,0.18
1,27,2,5,0.18
0,6,1,1,0.18
3,65,7,11,0.17
0,34,5,9,0.17
0,23,3,6,0.16
0,21,3,8,0.16
1,107,11,9,0.15
0,28,3,5,0.15
0,41,5,4,0.14
1,99,5,11,0.13
0,40,1,2,0.13
0,66,5,6,0.12
1,58,5,5,0.12
0,52,3,7,0.12
0,228,11,14,0.1
1,86,4,6,0.1
2,78,8,3,0.09
0,59,5,6,0.09
2,141,10,8,0.09
0,143,11,13,0.08
0,20,1,3,0.08
0,131,1,6,0.08
1,57,6,5,0.08
6,274,27,18,0.07
3,133,11,4,0.07
0,122,4,8,0.06
3,136,11,13,0.06
0,54,7,5,0.06
0,41,4,6,0.06
0,5,1,3,0.06
0,49,5,1,0.06
3,157,17,14,0.06
1,58,7,5,0.05
0,65,1,4,0.05
2,123,10,4,0.05
1,71,9,1,0.05
3,177,7,8,0.05
1,83,8,7,0.05
4,98,10,11,0.05
1,42,5,2,0.05
1,21,2,3,0.05
2,70,8,3,0.04
1,100,10,8,0.04
1,134,10,7,0.04
1,36,5,3,0.04
0,27,3,6,0.04
0,36,5,1,0.04
4,149,14,7,0.04
1,60,8,6,0.04
0,54,1,4,0.04
2,54,6,4,0.04
3,108,10,5,0.04
1,61,7,1,0.04
0,25,1,3,0.04
0,68,9,9,0.04
4,122,11,8,0.04
1,37,4,6,0.04
2,98,12,9,0.04
1,42,4,1,0.04
4,106,10,2,0.03
3,63,6,7,0.03
4,87,9,5,0.03
4,87,10,5,0.03
0,29,4,2,0.03
2,81,7,5,0.03
1,38,3,4,0.03
3,101,9,7,0.03
2,46,3,3,0.03
0,35,3,4,0.03
1,68,8,8,0.03
1,88,7,4,0.03
1,49,6,2,0.03
2,94,9,5,0.03
0,49,5,2,0.5
0,17,1,5,0.47
0,11,1,2,0.46
0,16,1,3,0.44
0,22,3,7,0.42
0,5,1,2,0.42
0,26,3,6,0.4
0,12,1,5,0.39
0,7,1,1,0.38
1,34,3,6,0.36
0,8,1,1,0.35
0,9,1,2,0.35
1,31,4,7,0.33
1,38,4,8,0.31
0,70,8,16,0.28
0,6,1,2,0.28
0,67,8,11,0.25
0,24,3,10,0.24
2,33,4,4,0.23
1,29,3,1,0.23
2,76,8,10,0.21
0,27,4,7,0.2
0,32,4,8,0.19
1,42,5,7,0.19
0,6,1,3,0.18
0,38,5,8,0.18
0,13,2,3,0.17
1,35,4,5,0.17
1,19,2,2,0.16
0,21,3,6,0.16
0,21,3,2,0.16
5,244,24,17,0.13
3,200,17,8,0.11
2,44,5,3,0.11
4,173,18,20,0.1
3,169,20,22,0.09
0,16,2,2,0.09
1,50,7,6,0.09
5,76,8,9,0.09
2,67,7,10,0.09
3,90,9,8,0.08
1,50,6,4,0.08
0,8,1,0,0.08
1,71,9,4,0.08
0,79,6,9,0.08
0,96,11,15,0.07
4,100,11,10,0.07
4,122,11,7,0.07
1,151,9,10,0.07
3,51,5,0,0.07
2,106,12,4,0.07
1,71,8,7,0.06
1,58,5,5,0.06
4,141,16,7,0.06
3,104,12,9,0.06
6,312,18,14,0.05
0,40,3,6,0.05
1,19,2,4,0.05
1,38,4,2,0.05
4,213,23,20,0.05
1,51,6,11,0.05
1,46,6,7,0.05
3,117,15,14,0.05
0,34,5,5,0.05
0,56,8,7,0.05
5,122,14,11,0.05
3,77,9,7,0.04
0,35,5,4,0.04
1,125,15,18,0.04
1,106,14,7,0.04
1,86,11,12,0.04
4,101,12,6,0.04
0,40,4,7,0.04
2,79,9,6,0.04
1,54,7,6,0.04
4,114,13,5,0.04
0,59,8,5,0.04
0,5,1,3,0.04
3,71,7,6,0.04
0,107,11,7,0.04
1,35,4,1,0.04
4,173,14,7,0.04
1,62,8,1,0.03
5,146,16,5,0.03
0,38,5,4,0.03
1,46,6,6,0.03
1,76,9,3,0.03
3,222,12,10,0.03
3,149,17,15,0.03
0,43,6,3,0.03
0,76,8,8,0.03
3,76,9,11,0.03
2,115,14,7,0.03
1,84,9,12,0.03
3,81,9,6,0.03
4,121,14,13,0.03
3,207,18,6,0.03
1,116,14,13,0.03
1,34,4,6,0.03
2,80,8,6,0.03
1,38,5,4,0.5
0,25,1,6,0.47
0,13,2,4,0.45
1,24,2,3,0.43
0,13,2,2,0.43
0,5,1,2,0.42
1,27,2,5,0.39
0,24,3,7,0.38
0,8,1,4,0.37
0,24,2,3,0.35
1,57,3,17,0.32
0,41,5,14,0.29
1,72,7,9,0.27
0,8,1,2,0.26
3,63,6,5,0.25
0,13,2,5,0.24
0,7,1,3,0.24
0,38,4,11,0.23
0,16,1,6,0.22
0,6,1,0,0.22
0,8,1,4,0.22
0,46,5,1,0.21
1,21,2,3,0.21
0,7,1,2,0.2
1,38,3,5,0.2
0,22,3,2,0.19
1,30,3,5,0.19
2,116,12,16,0.17
3,72,9,1,0.16
0,13,2,3,0.16
1,63,8,8,0.15
0,46,6,6,0.15
0,31,4,5,0.15
2,94,11,16,0.14
2,56,6,5,0.14
4,117,12,16,0.12
3,115,10,5,0.12
3,90,11,11,0.11
2,60,7,3,0.11
1,50,5,6,0.11
0,37,4,8,0.11
5,253,14,10,0.09
0,20,2,4,0.09
0,39,5,8,0.09
3,97,9,5,0.09
3,175,14,10,0.08
5,250,16,12,0.07
0,35,1,4,0.07
2,298,10,17,0.07
0,13,2,1,0.07
1,119,10,11,0.06
1,44,5,7,0.06
0,67,9,3,0.06
3,69,7,4,0.06
1,46,5,2,0.06
0,73,6,7,0.06
1,19,2,3,0.06
1,25,3,4,0.05
2,200,12,14,0.05
3,173,13,5,0.05
2,136,14,11,0.05
0,5,1,2,0.05
2,55,7,4,0.05
0,20,3,2,0.05
2,61,7,7,0.05
0,28,4,7,0.04
3,132,15,9,0.04
1,42,5,7,0.04
1,44,6,5,0.04
2,43,5,6,0.04
3,66,7,3,0.04
2,93,7,11,0.04
0,39,5,6,0.04
3,241,14,8,0.04
2,65,7,6,0.04
4,216,21,14,0.04
0,63,8,8,0.04
1,80,9,5,0.04
4,115,14,11,0.04
1,98,12,12,0.03
3,103,10,12,0.03
6,127,12,7,0.03
1,129,15,6,0.03
1,22,3,1,0.03
4,302,17,11,0.03
0,21,3,0,0.03
3,118,13,10,0.03
0,47,6,7,0.03
3,59,7,6,0.03
1,64,8,7,0.03
1,55,7,6,0.03
2,82,6,11,0.03
2,79,10,6,0.03
1,63,8,5,0.03
1,47,6,7,0.03
1,29,4,3,0.03
3,88,11,8,0.03
5,122,13,10,0.03
0,48,7,15,0.03
3,167,11,6,0.03
6,171,14,9,0.5
0,15,2,7,0.48
0,36,4,14,0.44
0,10,1,4,0.43
0,13,2,5,0.41
0,24,1,10,0.38
0,5,1,2,0.38
0,18,1,4,0.37
1,53,6,9,0.34
3,71,4,12,0.3
0,61,7,12,0.27
1,18,2,6,0.26
0,10,1,3,0.26
1,67,7,12,0.24
5,186,15,17,0.2
0,18,2,5,0.19
5,296,26,23,0.15
0,20,3,2,0.14
3,175,19,9,0.13
0,21,3,2,0.13
1,123,12,9,0.12
2,119,13,9,0.11
3,83,9,4,0.11
3,84,9,3,0.1
0,6,1,0,0.1
0,24,2,3,0.1
2,63,6,3,0.1
0,53,1,5,0.1
0,6,1,1,0.1
3,125,11,7,0.09
0,31,3,5,0.09
0,49,6,2,0.09
1,191,11,13,0.08
1,42,2,6,0.08
2,100,6,4,0.07
0,92,1,2,0.07
0,64,7,3,0.07
1,33,4,0,0.07
2,79,9,3,0.07
2,125,14,10,0.06
3,94,11,9,0.06
1,38,4,4,0.06
2,46,6,5,0.06
4,150,18,13,0.06
1,39,5,4,0.06
2,134,15,8,0.06
1,87,11,16,0.05
2,51,6,7,0.05
2,92,10,6,0.05
3,83,10,9,0.05
2,111,14,9,0.05
4,121,12,15,0.05
3,72,9,4,0.05
2,53,6,4,0.05
3,74,9,5,0.05
0,34,5,7,0.05
0,48,5,6,0.05
2,77,9,10,0.04
1,153,13,12,0.04
3,82,8,5,0.04
1,75,6,8,0.04
5,80,9,5,0.04
4,156,18,9,0.04
5,305,22,13,0.04
3,93,10,2,0.04
4,254,16,9,0.03
0,87,8,2,0.03
2,123,12,3,0.03
2,27,3,2,0.03
0,28,3,3,0.03
1,144,3,9,0.03
0,21,2,1,0.03
0,74,9,7,0.03
2,30,3,3,0.03
2,117,11,8,0.03
2,225,12,5,0.03
1,81,9,7,0.03
4,223,16,8,0.03
2,71,8,6,0.03
4,116,7,2,0.03
1,65,8,5,0.03
2,199,12,8,0.03
3,89,9,5,0.03
2,95,12,6,0.03
4,110,7,3,0.03
2,72,8,5,0.03
1,30,4,6,0.02
0,105,9,3,0.02
1,50,5,4,0.02
1,61,7,4,0.02
1,37,5,3,0.02
2,107,12,5,0.02
0,72,1,6,0.02
2,331,13,7,0.02
4,111,13,5,0.02
1,39,5,1,0.02
5,400,15,12,0.02
3,143,16,12,0.02
3,82,9,1,0.02
0,66,8,5,0.02
2,105,13,10,0.5
0,5,1,2,0.49
1,25,2,8,0.47
0,5,1,3,0.46
0,25,3,5,0.45
0,8,1,4,0.44
0,35,3,6,0.41
1,103,10,15,0.34
0,38,3,5,0.32
0,22,2,1,0.31
0,20,3,5,0.31
2,64,6,7,0.28
1,86,8,15,0.25
1,113,9,10,0.21
0,24,1,2,0.21
3,203,19,11,0.17
1,27,3,2,0.17
2,38,4,5,0.17
1,30,2,4,0.16
0,32,4,4,0.15
3,76,6,14,0.14
1,289,11,19,0.12
3,185,13,11,0.11
2,97,8,3,0.1
2,150,10,11,0.09
3,156,9,4,0.09
1,121,6,5,0.08
0,5,1,3,0.08
7,400,28,19,0.07
0,85,2,3,0.07
0,51,2,2,0.07
3,164,6,8,0.07
0,76,6,2,0.06
0,37,1,6,0.06
6,179,18,7,0.06
0,36,1,5,0.06
3,205,16,3,0.06
4,200,14,1,0.05
1,95,5,2,0.05
1,188,10,10,0.05
0,262,9,6,0.05
0,22,2,1,0.05
1,43,3,2,0.04
1,19,2,0,0.04
3,117,12,6,0.04
0,45,5,0,0.04
3,88,8,7,0.04
4,225,14,6,0.04
4,140,15,7,0.04
1,53,6,3,0.04
0,15,1,1,0.04
0,52,3,2,0.04
1,75,7,1,0.04
2,143,12,5,0.04
2,106,10,4,0.03
2,78,9,3,0.03
4,211,21,9,0.03
6,136,13,4,0.03
5,186,18,8,0.03
4,369,19,11,0.03
1,37,5,3,0.03
0,60,7,5,0.03
5,128,13,5,0.03
0,39,4,1,0.03
2,38,4,1,0.03
1,62,4,4,0.03
4,337,15,5,0.03
1,46,4,2,0.03
5,289,11,1,0.03
0,102,1,3,0.03
0,14,1,3,0.03
3,109,9,2,0.02
0,146,7,4,0.02
0,169,14,6,0.02
0,105,7,8,0.02
3,400,18,4,0.02
0,65,6,4,0.02
1,67,8,5,0.02
0,400,12,4,0.02
2,316,8,7,0.02
2,77,6,6,0.02
0,64,7,2,0.02
2,64,8,1,0.02
4,400,9,4,0.02
0,33,1,3,0.02
2,87,10,4,0.02
1,43,5,5,0.02
7,325,25,4,0.02
3,194,9,3,0.02
1,38,5,2,0.02
6,135,15,7,0.02
1,85,6,3,0.02
1,59,6,4,0.02
4,103,12,1,0.02
2,85,9,2,0.02
3,101,11,7,0.02
1,60,8,7,0.02
0,37,3,0,0.02
5,400,28,10,0.02
8,356,21,8,0.02
0,29,4,1,0.5
1,31,3,6,0.46
0,5,1,3,0.45
0,6,1,1,0.45
0,6,1,0,0.45
0,18,2,3,0.43
1,25,2,8,0.41
0,43,4,13,0.37
0,26,1,2,0.36
1,26,2,8,0.34
0,7,1,3,0.34
0,47,6,8,0.31
1,49,4,11,0.28
4,102,10,15,0.25
1,23,2,3,0.24
1,44,5,7,0.23
3,124,11,13,0.2
3,112,11,7,0.18
0,6,1,1,0.18
1,102,13,13,0.17
2,38,4,7,0.16
0,37,4,5,0.15
1,48,4,9,0.14
0,139,11,20,0.13
0,40,1,7,0.13
1,44,6,2,0.12
5,141,13,11,0.11
2,38,5,5,0.11
6,388,27,25,0.09
0,14,2,5,0.09
4,183,13,15,0.09
6,400,23,27,0.08
0,7,1,2,0.07
0,73,9,8,0.07
3,101,10,6,0.07
0,31,4,7,0.07
3,99,11,6,0.07
1,69,8,8,0.06
1,21,3,4,0.06
3,42,5,6,0.06
8,262,29,16,0.06
2,134,16,11,0.06
1,100,12,8,0.06
0,49,7,7,0.06
3,99,12,11,0.05
7,226,18,11,0.05
2,104,13,13,0.05
2,57,7,4,0.05
6,237,21,10,0.05
1,55,6,7,0.05
1,102,7,10,0.05
2,170,18,13,0.05
2,164,14,10,0.04
4,189,22,15,0.04
1,124,11,7,0.04
0,14,2,3,0.04
2,128,14,8,0.04
8,400,31,7,0.04
4,62,7,5,0.03
5,340,13,13,0.03
6,263,20,10,0.03
5,95,10,5,0.03
1,400,15,12,0.03
2,168,10,8,0.03
2,117,14,7,0.03
2,69,9,9,0.03
4,79,8,4,0.03
6,400,28,7,0.03
6,394,23,13,0.03
6,168,18,14,0.02
1,74,9,10,0.02
6,307,21,13,0.02
5,400,24,21,0.02
8,400,21,6,0.02
4,284,13,8,0.02
0,16,2,2,0.02
3,52,6,3,0.02
0,75,8,7,0.02
3,271,17,11,0.02
9,400,32,16,0.02
6,271,22,12,0.02
3,143,13,10,0.02
7,400,26,5,0.02
3,400,24,15,0.02
1,53,6,7,0.02
0,21,3,0,0.02
0,52,6,4,0.02
6,290,20,12,0.02
1,40,5,2,0.02
5,376,32,8,0.02
4,132,12,2,0.02
7,317,19,19,0.02
2,229,10,14,0.02
3,49,5,2,0.02
2,95,12,8,0.02
3,142,13,12,0.02
3,73,8,13,0.02
7,264,21,13,0.02
1,73,8,3,0.02
2,68,8,7,0.02
4,151,15,6,0.5
1,45,4,10,0.45
0,19,2,9,0.42
0,35,5,11,0.4
0,5,1,3,0.4
0,5,1,3,0.39
1,75,5,14,0.35
0,10,1,5,0.34
0,49,6,11,0.32
0,49,3,6,0.3
0,27,4,5,0.29
1,80,10,13,0.27
0,38,1,4,0.25
0,11,1,2,0.25
0,23,2,4,0.24
0,5,1,3,0.24
1,17,2,2,0.23
1,48,6,3,0.22
0,19,1,3,0.22
0,40,4,8,0.21
1,39,4,8,0.2
0,19,1,5,0.19
3,65,4,5,0.18
0,37,5,1,0.18
1,69,7,6,0.17
0,13,2,1,0.17
0,19,1,4,0.17
0,28,4,2,0.16
0,82,9,8,0.15
2,76,7,7,0.14
1,104,8,8,0.13
0,41,3,7,0.13
1,44,5,8,0.12
2,40,4,4,0.12
0,30,3,6,0.12
0,27,4,6,0.12
1,15,2,4,0.12
1,20,3,6,0.11
4,123,14,13,0.11
1,82,10,9,0.1
3,133,16,12,0.1
3,247,19,17,0.09
0,63,8,10,0.08
0,27,4,5,0.08
1,27,3,5,0.08
1,88,11,17,0.08
0,5,1,3,0.08
1,28,3,7,0.08
6,400,29,16,0.07
1,45,6,12,0.07
1,40,5,0,0.07
2,214,13,10,0.06
0,32,1,3,0.06
0,53,6,2,0.06
2,56,7,11,0.06
0,101,7,4,0.06
1,74,9,5,0.06
4,111,12,11,0.05
5,142,15,14,0.05
7,176,16,11,0.05
1,85,9,7,0.05
3,57,7,5,0.05
5,149,15,10,0.05
1,69,9,6,0.05
7,360,32,16,0.04
6,400,26,12,0.04
3,90,10,8,0.04
4,72,8,2,0.04
5,72,7,2,0.04
1,93,12,8,0.04
3,192,17,7,0.04
0,43,5,5,0.04
1,48,5,5,0.04
1,65,8,4,0.03
6,400,21,14,0.03
0,6,1,1,0.03
2,79,8,6,0.03
2,117,13,10,0.03
8,332,30,12,0.03
7,400,29,20,0.03
4,156,12,10,0.03
0,154,12,11,0.03
0,22,3,3,0.03
1,62,8,7,0.03
3,219,19,9,0.03
1,78,8,5,0.03
1,75,9,9,0.03
2,77,5,5,0.03
1,77,9,9,0.03
7,400,29,9,0.02
2,71,8,6,0.02
1,62,8,2,0.02
2,115,12,7,0.02
2,46,5,1,0.02
1,79,10,5,0.02
0,62,7,2,0.02
2,63,7,5,0.02
5,400,28,12,0.02
0,49,7,3,0.02
1,30,3,0,0.02
5,229,19,6,0.5
0,15,2,5,0.48
1,41,5,10,0.44
0,19,1,3,0.42
0,6,1,3,0.41
0,29,3,8,0.39
0,15,2,4,0.38
0,23,3,10,0.36
1,17,2,4,0.36
0,16,2,7,0.35
1,42,5,7,0.32
1,54,6,10,0.31
0,6,1,4,0.3
0,14,2,6,0.3
0,36,4,9,0.28
0,18,2,7,0.27
4,91,8,17,0.24
1,45,3,6,0.23
0,26,3,10,0.22
1,85,6,12,0.2
0,6,1,1,0.2
0,40,5,10,0.19
1,43,3,6,0.18
1,35,3,5,0.17
0,36,1,7,0.17
0,27,3,3,0.16
0,49,6,6,0.16
1,56,5,5,0.15
0,28,1,6,0.14
2,89,9,11,0.14
0,6,1,2,0.14
0,11,1,3,0.14
3,105,12,13,0.13
0,84,1,4,0.12
3,44,4,6,0.12
0,29,3,7,0.12
1,81,10,7,0.12
0,35,5,13,0.11
3,81,9,7,0.11
4,131,13,6,0.1
0,32,1,3,0.1
0,48,5,7,0.1
2,129,11,15,0.09
0,62,7,5,0.08
2,81,8,6,0.08
2,168,13,15,0.08
1,25,3,6,0.08
2,109,14,6,0.07
6,104,12,9,0.07
5,171,17,14,0.07
2,76,8,4,0.06
1,26,3,4,0.06
1,25,3,4,0.06
5,109,9,7,0.06
0,38,1,4,0.06
7,400,39,20,0.05
0,5,1,2,0.05
1,72,9,3,0.05
3,140,16,8,0.05
0,37,4,4,0.05
3,123,14,8,0.05
1,137,15,14,0.05
4,197,19,18,0.05
1,16,2,5,0.05
4,125,15,16,0.04
0,80,11,6,0.04
1,28,3,3,0.04
0,17,1,3,0.04
0,20,3,5,0.04
2,171,16,13,0.04
4,132,13,14,0.04
3,129,14,14,0.04
6,275,24,22,0.04
4,103,12,11,0.04
0,5,1,4,0.03
3,160,18,22,0.03
8,400,42,33,0.03
3,110,13,10,0.03
3,142,14,11,0.03
2,60,7,7,0.03
8,284,31,20,0.03
4,102,13,13,0.03
4,110,12,4,0.03
3,143,17,10,0.03
0,13,2,1,0.03
3,113,14,5,0.03
0,63,1,3,0.03
3,88,10,8,0.03
0,28,4,6,0.03
7,247,26,15,0.02
2,81,10,9,0.02
0,51,4,6,0.02
5,107,12,8,0.02
1,26,3,1,0.02
2,97,9,5,0.02
5,233,17,10,0.02
2,141,14,8,0.02
1,70,7,5,0.02
1,57,7,5,0.02
2,56,6,1,0.02
2,69,8,2,0.5
0,14,2,6,0.48
0,47,4,16,0.44
0,5,1,2,0.43
0,42,5,12,0.41
0,32,4,13,0.38
0,14,2,5,0.37
0,21,3,5,0.36
0,5,1,3,0.35
0,14,2,5,0.34
0,13,2,1,0.33
0,6,1,3,0.33
1,34,4,9,0.31
0,10,1,4,0.31
0,38,5,7,0.29
0,13,2,5,0.28
1,28,2,5,0.27
1,15,2,2,0.26
0,51,5,7,0.25
1,21,2,9,0.24
0,21,3,9,0.24
0,12,2,2,0.23
0,59,6,4,0.21
0,5,1,3,0.21
0,21,3,8,0.2
2,63,7,5,0.19
0,14,1,3,0.19
0,22,3,6,0.18
1,48,6,8,0.17
1,15,2,4,0.17
2,57,6,3,0.17
3,32,4,2,0.16
0,21,3,5,0.16
0,9,1,3,0.16
3,124,12,13,0.14
2,58,7,9,0.14
0,32,4,6,0.13
4,106,10,6,0.13
2,86,11,9,0.12
8,297,30,23,0.1
5,253,20,14,0.09
4,246,18,16,0.08
2,116,9,3,0.08
6,143,16,7,0.07
2,36,4,5,0.07
4,96,7,5,0.07
0,72,9,6,0.07
4,154,16,7,0.06
3,101,12,6,0.06
0,21,3,5,0.06
1,51,6,1,0.06
3,197,20,14,0.06
2,123,15,9,0.06
5,180,20,9,0.05
0,36,5,6,0.05
8,314,31,16,0.05
0,45,6,3,0.05
4,99,9,6,0.05
0,23,3,2,0.05
4,108,12,10,0.04
1,16,2,0,0.04
1,40,3,3,0.04
1,97,12,2,0.04
3,210,20,8,0.04
3,74,8,3,0.04
4,256,18,8,0.04
6,141,14,11,0.04
0,14,2,1,0.04
2,84,10,4,0.04
4,120,13,6,0.04
2,77,9,1,0.04
0,20,3,7,0.04
2,67,8,5,0.04
3,104,12,7,0.03
2,83,9,5,0.03
6,370,26,10,0.03
1,48,6,5,0.03
4,154,12,6,0.03
3,155,15,12,0.03
0,37,5,5,0.03
7,400,28,10,0.03
3,60,7,4,0.03
1,32,4,5,0.03
4,147,14,8,0.03
0,20,3,5,0.03
3,118,14,17,0.03
4,400,11,7,0.03
4,141,12,2,0.03
0,58,5,1,0.03
3,324,10,4,0.02
6,298,22,11,0.02
7,400,32,18,0.02
7,400,27,20,0.02
1,69,9,6,0.02
2,70,6,0,0.02
2,400,21,10,0.02
3,178,10,12,0.02
5,111,9,3,0.02
0,73,6,4,0.02
3,314,12,13,0.02
0,27,4,5,0.5
0,7,1,0,0.5
0,26,3,5,0.46
1,21,2,5,0.44
0,24,3,11,0.41
0,13,2,6,0.4
0,22,3,9,0.38
0,23,3,8,0.36
0,7,1,2,0.36
1,52,6,14,0.32
2,57,6,14,0.3
0,25,3,6,0.29
2,63,7,8,0.27
0,57,7,9,0.25
1,50,6,14,0.23
3,164,17,21,0.2
1,25,3,8,0.19
1,71,9,9,0.18
1,98,12,18,0.16
0,6,1,1,0.16
0,63,8,8,0.16
8,365,33,31,0.12
1,35,4,4,0.12
1,23,3,2,0.12
1,43,6,7,0.12
3,83,8,13,0.11
2,73,10,13,0.11
5,296,24,19,0.1
1,117,12,13,0.09
7,256,22,13,0.08
6,366,33,22,0.07
1,40,5,6,0.07
2,56,7,6,0.07
2,100,12,13,0.07
3,165,20,9,0.06
3,139,17,23,0.06
8,361,38,17,0.06
2,106,13,15,0.05
3,119,15,9,0.05
5,107,12,11,0.05
2,201,22,11,0.05
7,400,35,15,0.05
5,200,21,14,0.04
2,47,5,2,0.04
1,39,5,0,0.04
3,99,11,7,0.04
6,176,14,12,0.04
0,51,7,6,0.04
5,149,16,11,0.04
5,374,32,21,0.04
2,323,23,8,0.03
5,313,30,11,0.03
3,68,8,4,0.03
5,120,13,7,0.03
0,58,8,6,0.03
6,368,31,17,0.03
2,33,4,3,0.03
2,166,16,7,0.03
6,305,30,10,0.03
3,179,19,19,0.03
2,89,11,9,0.03
6,209,24,16,0.03
0,52,6,6,0.03
6,209,21,8,0.03
3,210,25,21,0.03
5,191,21,10,0.03
2,63,8,7,0.02
2,79,10,6,0.02
6,219,24,14,0.02
6,186,21,19,0.02
2,73,8,5,0.02
4,87,9,8,0.02
2,98,12,6,0.02
0,23,3,2,0.02
3,117,8,6,0.02
2,145,15,8,0.02
2,93,11,5,0.02
2,85,9,8,0.02
3,73,8,7,0.02
3,246,22,14,0.02
4,146,14,5,0.02
2,61,7,2,0.02
0,50,7,8,0.02
1,113,13,11,0.02
2,62,7,6,0.02
0,64,9,8,0.02
4,123,15,7,0.02
5,182,13,12,0.02
7,260,24,8,0.02
2,96,12,14,0.02
1,76,10,7,0.02
2,116,14,7,0.02
4,130,15,16,0.02
2,113,14,12,0.02
0,30,4,2,0.02
1,127,9,9,0.02
3,57,6,4,0.02
6,187,21,12,0.02
4,126,13,6,0.02
6,248,26,16,0.02
4,98,10,6,0.5
0,8,1,2,0.49
0,24,3,9,0.46
0,13,1,6,0.43
0,20,2,13,0.4
0,31,4,6,0.37
0,12,1,3,0.36
1,87,8,21,0.3
1,23,2,6,0.29
0,37,5,5,0.27
0,29,4,9,0.26
0,5,1,3,0.26
0,5,1,2,0.25
0,6,1,1,0.25
5,160,14,17,0.21
4,193,21,20,0.17
3,61,5,6,0.16
0,5,1,2,0.16
3,186,16,15,0.14
2,88,9,16,0.13
0,5,1,3,0.13
0,13,2,5,0.13
6,184,15,14,0.12
1,36,4,6,0.11
3,169,17,16,0.1
0,22,3,3,0.1
0,54,4,9,0.1
0,42,6,8,0.1
1,33,4,1,0.1
2,86,9,7,0.09
0,9,1,3,0.09
3,301,19,10,0.08
0,80,5,7,0.08
0,10,1,3,0.08
2,41,3,2,0.08
0,69,5,7,0.07
1,20,2,0,0.07
2,96,12,12,0.07
2,89,8,4,0.07
4,144,14,11,0.06
1,34,4,3,0.06
0,7,1,3,0.06
2,107,11,14,0.06
2,137,15,11,0.06
7,318,25,16,0.05
6,159,18,12,0.05
1,42,4,5,0.05
7,400,30,11,0.04
1,106,12,4,0.04
2,65,8,9,0.04
5,230,24,11,0.04
5,165,18,9,0.04
5,209,22,15,0.04
2,88,11,8,0.04
1,28,4,5,0.04
0,7,1,0,0.03
4,125,15,13,0.03
0,37,5,6,0.03
6,288,26,20,0.03
1,68,8,4,0.03
3,119,12,6,0.03
2,56,6,3,0.03
6,168,18,7,0.03
5,307,24,19,0.03
3,99,12,13,0.03
6,306,12,9,0.03
1,64,6,6,0.03
0,45,6,5,0.03
3,74,9,2,0.03
0,119,12,7,0.03
1,46,5,3,0.03
4,135,14,8,0.03
1,54,7,8,0.03
3,106,11,8,0.03
8,120,11,3,0.03
0,21,3,2,0.02
6,221,23,17,0.02
3,43,4,2,0.02
1,26,3,1,0.02
5,156,18,16,0.02
4,156,18,17,0.02
8,400,23,13,0.02
6,119,13,7,0.02
7,400,26,21,0.02
7,347,31,14,0.02
6,188,17,8,0.02
0,29,4,3,0.02
4,121,13,6,0.02
3,68,8,9,0.02
4,400,24,10,0.02
3,87,11,13,0.02
5,195,22,13,0.02
5,212,19,10,0.02
3,119,12,9,0.02
4,268,18,6,0.02
1,400,8,7,0.02
1,42,5,6,0.02
4,118,14,10,0.02
5,400,21,20,0.02
7,400,29,17,0.02
2,26,3,5,0.5
0,29,4,5,0.47
0,19,2,7,0.44
0,8,1,2,0.43
1,35,4,7,0.41
0,27,4,4,0.39
1,26,3,4,0.38
2,46,5,11,0.36
0,10,1,2,0.35
0,11,1,4,0.33
0,19,2,3,0.32
0,8,1,2,0.31
1,24,2,6,0.3
1,45,2,6,0.28
0,14,2,5,0.28
3,95,8,16,0.25
2,68,8,12,0.23
1,53,6,8,0.22
2,84,9,12,0.2
0,30,4,7,0.19
0,29,4,8,0.19
0,33,4,11,0.18
0,29,4,5,0.18
2,19,2,6,0.17
3,109,10,12,0.16
1,74,8,7,0.15
1,39,4,12,0.14
0,6,1,1,0.14
1,73,8,15,0.13
1,27,4,4,0.13
0,74,9,9,0.12
7,400,23,29,0.1
5,235,17,18,0.09
3,81,9,10,0.09
6,166,16,10,0.08
0,28,4,5,0.08
7,345,33,17,0.07
1,124,13,11,0.07
2,45,6,9,0.07
6,271,21,19,0.06
6,400,24,20,0.05
2,86,10,8,0.05
5,391,22,11,0.05
2,400,17,17,0.04
4,380,16,7,0.04
1,65,8,8,0.04
8,360,32,11,0.04
6,364,31,15,0.03
2,160,11,3,0.03
3,98,11,11,0.03
3,38,4,2,0.03
2,56,7,9,0.03
0,190,12,6,0.03
1,135,16,14,0.03
1,80,10,11,0.03
3,93,11,10,0.03
1,252,11,12,0.03
7,400,21,14,0.03
0,14,2,3,0.03
3,400,17,10,0.03
1,26,3,1,0.03
0,400,8,6,0.02
3,74,5,3,0.02
2,215,16,5,0.02
0,64,7,2,0.02
2,202,9,10,0.02
1,400,19,5,0.02
0,23,1,5,0.02
2,105,13,5,0.02
0,7,1,0,0.02
2,400,9,9,0.02
2,400,11,14,0.02
0,50,4,3,0.02
7,400,18,16,0.02
5,301,16,12,0.02
4,55,5,2,0.02
2,157,7,7,0.02
4,400,14,7,0.02
3,172,20,8,0.02
3,103,10,8,0.02
7,400,31,18,0.02
1,144,17,11,0.02
1,60,6,5,0.02
3,400,17,17,0.01
1,67,8,5,0.01
4,195,20,9,0.01
4,223,15,9,0.01
3,213,19,9,0.01
3,117,10,9,0.01
1,100,11,7,0.01
5,218,22,16,0.01
1,55,6,2,0.01
8,304,31,9,0.01
2,400,17,14,0.01
3,400,15,7,0.01
7,400,22,3,0.01
5,400,15,8,0.01
3,125,14,7,0.01
4,371,21,12,0.01
5,400,18,15,0.01
2,113,12,11,0.5
0,31,3,8,0.46
0,7,1,1,0.46
1,30,3,8,0.44
0,23,3,10,0.42
0,13,2,3,0.41
1,30,3,9,0.38
0,14,2,5,0.37
0,42,5,8,0.35
1,45,5,11,0.32
0,14,2,6,0.31
0,7,1,1,0.31
0,35,4,5,0.3
0,34,4,10,0.28
0,34,4,1,0.27
0,32,4,6,0.26
1,93,9,22,0.23
0,14,2,3,0.22
2,62,6,6,0.2
4,61,6,7,0.19
0,23,3,6,0.19
2,86,9,11,0.17
3,134,13,12,0.16
1,136,12,17,0.14
1,91,8,7,0.13
3,195,17,20,0.12
3,82,8,8,0.11
0,46,6,6,0.11
0,41,5,6,0.1
0,43,4,9,0.1
3,79,9,4,0.1
2,95,10,10,0.09
8,369,33,28,0.08
1,76,8,7,0.08
4,98,9,12,0.08
7,298,17,17,0.07
1,141,16,10,0.07
8,328,34,21,0.06
4,172,19,19,0.06
3,64,8,3,0.06
2,67,8,4,0.06
9,400,38,26,0.05
5,400,30,20,0.05
8,400,39,18,0.05
5,242,28,14,0.04
8,400,26,19,0.04
7,400,36,20,0.04
3,156,17,8,0.04
7,304,31,16,0.04
2,113,14,8,0.04
4,106,10,7,0.03
9,400,40,36,0.03
7,284,28,15,0.03
3,93,10,6,0.03
4,120,14,5,0.03
2,153,13,7,0.03
6,184,20,18,0.03
2,82,10,8,0.03
3,116,13,10,0.03
9,400,41,33,0.03
9,400,47,29,0.03
2,74,8,9,0.03
0,22,3,7,0.03
2,90,12,16,0.02
7,400,33,10,0.02
6,229,23,12,0.02
4,129,13,7,0.02
2,148,11,1,0.02
8,315,35,10,0.02
1,109,8,6,0.02
6,400,16,11,0.02
4,217,15,16,0.02
3,400,20,9,0.02
4,196,20,10,0.02
2,57,7,3,0.02
7,400,22,11,0.02
1,69,5,6,0.02
5,400,17,8,0.02
4,103,12,6,0.02
2,108,12,10,0.02
4,120,14,8,0.02
4,267,22,13,0.02
7,233,22,6,0.02
8,323,33,8,0.02
3,82,9,9,0.02
0,27,4,3,0.02
5,173,18,8,0.02
2,61,7,4,0.02
1,78,9,6,0.01
5,215,23,11,0.01
0,28,4,4,0.01
0,6,1,1,0.01
7,110,11,7,0.01
9,381,40,26,0.01
6,167,19,10,0.01
3,133,16,14,0.01
1,33,4,6,0.01
2,83,10,5,0.01
5,165,18,12,0.01
2,102,13,7,0.01
8,400,25,14,0.5
0,20,3,7,0.49
0,17,2,5,0.46
0,27,3,12,0.43
0,6,1,2,0.42
0,8,1,2,0.41
1,25,2,8,0.4
0,9,1,3,0.39
0,27,3,2,0.38
0,22,3,7,0.36
0,22,2,5,0.35
1,38,4,8,0.33
0,5,1,3,0.32
0,16,2,4,0.32
0,48,3,10,0.29
0,5,1,3,0.29
0,15,2,2,0.28
0,14,2,3,0.28
1,27,3,9,0.26
1,85,9,15,0.23
0,7,1,3,0.23
0,29,4,3,0.22
1,18,2,1,0.22
0,7,1,3,0.21
1,83,9,15,0.2
2,75,8,10,0.18
0,43,4,9,0.17
0,23,3,8,0.17
2,76,8,12,0.16
6,242,24,11,0.14
0,13,2,3,0.14
0,5,1,3,0.14
1,58,5,6,0.13
0,55,1,7,0.12
0,63,7,11,0.12
5,164,13,9,0.11
0,22,3,5,0.1
4,137,13,21,0.1
0,44,6,5,0.09
3,169,17,12,0.09
1,28,2,2,0.09
0,33,3,4,0.08
0,89,9,4,0.08
1,25,3,5,0.08
2,114,10,11,0.08
2,28,3,3,0.08
4,129,11,8,0.07
0,5,1,3,0.07
2,93,12,11,0.07
2,82,9,5,0.07
0,33,4,4,0.07
2,74,8,2,0.07
3,163,15,14,0.06
4,168,17,6,0.06
1,48,5,5,0.06
1,49,6,7,0.06
3,150,16,11,0.06
2,55,6,1,0.06
0,16,1,4,0.06
1,57,4,2,0.06
6,356,25,12,0.05
2,124,11,3,0.05
3,103,10,8,0.05
0,49,6,3,0.05
1,162,10,9,0.04
4,155,13,3,0.04
0,23,3,1,0.04
0,26,3,1,0.04
0,44,6,5,0.04
0,89,10,3,0.04
0,13,2,3,0.04
0,37,5,6,0.04
2,83,10,8,0.04
1,92,9,10,0.04
4,78,9,5,0.04
1,35,4,3,0.04
4,85,8,5,0.04
0,20,1,0,0.04
6,105,12,5,0.04
4,400,26,21,0.04
3,52,5,3,0.04
0,30,4,7,0.04
0,62,7,3,0.04
0,20,1,4,0.04
3,111,12,3,0.04
1,60,7,2,0.03
2,55,7,8,0.03
4,83,9,3,0.03
0,89,11,6,0.03
3,178,9,6,0.03
0,36,4,4,0.03
3,156,15,12,0.03
4,209,18,8,0.03
3,87,7,3,0.03
2,76,5,5,0.03
3,119,13,3,0.03
5,347,29,19,0.03
2,41,4,3,0.03
0,38,5,4,0.03
4,187,21,13,0.03
4,174,20,16,0.5
0,5,1,3,0.5
0,19,1,3,0.47
1,25,3,4,0.45
3,96,8,18,0.37
0,17,2,8,0.35
0,18,1,4,0.35
0,7,1,3,0.34
1,62,5,11,0.3
0,62,8,11,0.28
0,23,3,9,0.26
0,20,1,6,0.25
0,24,3,6,0.25
1,62,7,10,0.23
0,7,1,3,0.23
0,36,4,6,0.22
0,13,2,3,0.21
2,89,8,7,0.2
1,28,2,4,0.19
0,30,3,2,0.18
2,43,4,4,0.18
3,115,7,7,0.17
1,69,7,6,0.16
0,5,1,3,0.16
0,13,1,3,0.15
0,5,1,3,0.15
2,142,13,17,0.13
0,7,1,0,0.13
0,45,1,6,0.13
1,29,3,1,0.13
0,35,5,7,0.13
4,183,17,15,0.11
0,7,1,2,0.11
0,46,1,4,0.11
0,42,3,6,0.11
4,112,12,7,0.1
1,151,13,11,0.09
2,112,10,3,0.09
3,109,9,5,0.08
0,20,2,1,0.08
1,30,3,2,0.08
7,226,19,17,0.08
0,5,1,2,0.07
0,13,1,3,0.07
2,139,16,11,0.07
4,234,20,24,0.07
0,7,1,3,0.07
4,90,10,11,0.06
4,129,15,6,0.06
1,25,3,1,0.06
4,94,9,4,0.06
1,38,4,1,0.06
8,270,24,16,0.05
0,84,10,9,0.05
2,67,7,3,0.05
7,250,25,12,0.05
2,61,7,5,0.05
3,99,11,8,0.05
6,215,24,12,0.04
4,184,19,11,0.04
0,20,3,6,0.04
0,23,3,5,0.04
1,48,6,5,0.04
2,65,8,7,0.04
4,173,18,8,0.04
0,14,2,2,0.04
4,116,12,7,0.04
2,102,13,15,0.04
3,96,11,5,0.04
5,111,12,16,0.04
1,33,4,5,0.04
3,55,7,3,0.04
1,40,5,3,0.04
0,69,9,5,0.04
4,120,13,4,0.03
0,7,1,2,0.03
3,109,13,4,0.03
6,213,17,10,0.03
3,95,9,5,0.03
3,125,12,10,0.03
3,91,9,10,0.03
2,114,6,3,0.03
2,68,6,4,0.03
1,71,4,5,0.03
3,175,12,10,0.03
2,69,8,6,0.03
3,54,6,5,0.03
3,137,14,10,0.03
3,231,13,10,0.03
3,145,8,5,0.02
6,400,20,12,0.02
3,177,18,13,0.02
2,80,8,5,0.02
9,379,33,15,0.02
4,90,9,5,0.02
0,68,9,4,0.02
4,120,13,1,0.02
4,163,11,6,0.02
9,356,35,12,0.02
2,162,16,9,0.02
1,35,4,4,0.5
1,20,2,2,0.48
0,19,2,3,0.46
0,30,3,10,0.43
0,14,2,1,0.42
1,22,2,5,0.41
0,26,3,11,0.39
0,16,2,2,0.38
0,13,2,6,0.37
1,27,3,8,0.36
0,6,1,3,0.35
2,168,14,33,0.27
0,10,1,1,0.27
1,42,5,9,0.26
0,47,6,10,0.24
0,24,3,7,0.23
0,44,6,9,0.22
0,21,2,4,0.22
0,17,2,4,0.21
0,14,1,5,0.21
0,38,5,14,0.2
0,9,1,2,0.19
0,52,6,7,0.18
2,106,12,5,0.17
0,5,1,3,0.17
1,47,6,10,0.17
0,12,1,6,0.16
0,47,4,9,0.16
1,65,5,13,0.15
1,33,3,5,0.14
1,60,4,3,0.14
2,76,5,7,0.14
0,25,1,2,0.13
0,14,1,2,0.13
0,38,4,6,0.13
0,8,1,2,0.12
0,12,1,3,0.12
0,74,8,12,0.11
2,114,12,9,0.11
0,19,1,1,0.11
4,107,11,9,0.1
4,121,13,16,0.1
7,198,20,14,0.09
2,89,10,14,0.09
1,98,12,12,0.08
5,164,18,5,0.08
1,125,16,12,0.07
0,30,4,4,0.07
2,82,10,10,0.07
2,59,7,5,0.07
0,69,8,4,0.07
0,38,5,4,0.07
0,30,1,4,0.06
7,189,21,10,0.06
4,134,13,11,0.06
3,92,10,3,0.06
4,106,12,8,0.06
1,35,4,1,0.06
0,141,7,5,0.05
5,264,24,9,0.05
3,218,16,13,0.05
6,223,24,13,0.05
0,28,4,3,0.05
7,318,17,14,0.05
7,400,27,10,0.04
4,318,27,11,0.04
5,400,21,8,0.04
6,174,17,10,0.04
1,76,6,3,0.04
0,13,2,1,0.04
6,244,24,10,0.03
4,123,11,9,0.03
8,374,30,16,0.03
1,39,4,3,0.03
2,137,16,12,0.03
3,136,17,4,0.03
2,78,9,3,0.03
4,171,14,10,0.03
5,400,22,10,0.03
0,114,3,5,0.03
1,66,7,6,0.03
1,400,7,10,0.03
7,400,18,12,0.02
5,348,21,18,0.02
1,75,7,4,0.02
1,81,3,3,0.02
5,364,13,8,0.02
1,24,3,0,0.02
0,60,4,1,0.02
5,295,20,8,0.02
0,9,1,3,0.02
4,400,14,3,0.02
1,198,14,5,0.02
3,400,12,8,0.02
3,93,9,8,0.02
5,152,13,7,0.02
3,181,17,12,0.02
5,192,23,13,0.02
0,36,5,1,0.02
0,14,2,1,0.02
3,85,10,8,0.5
0,7,1,3,0.49
0,31,3,8,0.45
0,39,3,11,0.41
0,6,1,2,0.4
0,40,3,14,0.36
1,28,2,7,0.34
1,31,3,10,0.32
1,31,2,7,0.31
0,7,1,1,0.3
0,26,2,2,0.29
0,44,3,5,0.28
0,7,1,3,0.27
0,7,1,1,0.27
2,43,4,6,0.26
0,55,5,9,0.25
0,26,1,5,0.24
0,15,2,2,0.23
0,26,3,6,0.22
4,181,15,17,0.19
0,40,3,6,0.19
1,89,8,13,0.17
2,84,5,7,0.16
2,61,6,6,0.15
2,71,8,6,0.15
0,17,2,2,0.14
0,30,4,3,0.14
0,12,1,3,0.14
0,25,3,7,0.14
2,137,13,11,0.13
0,51,7,9,0.12
2,126,11,20,0.11
5,246,20,12,0.1
0,31,3,8,0.1
2,163,18,14,0.09
5,103,9,7,0.09
3,171,15,14,0.08
4,124,11,12,0.08
0,52,1,4,0.08
0,33,3,6,0.08
5,174,16,13,0.07
4,104,9,5,0.07
0,18,1,3,0.07
2,179,9,14,0.06
1,122,5,6,0.06
3,115,11,12,0.06
0,21,3,6,0.06
4,131,15,11,0.06
2,69,8,5,0.06
7,400,38,17,0.05
4,109,12,15,0.05
1,30,3,2,0.05
0,5,1,3,0.05
6,252,21,14,0.05
5,169,18,13,0.04
0,19,1,3,0.04
4,75,9,13,0.04
1,48,5,2,0.04
7,341,26,11,0.04
0,25,3,5,0.04
4,134,13,9,0.04
1,147,13,7,0.04
2,78,9,4,0.04
3,108,11,7,0.04
1,64,6,6,0.04
1,67,4,5,0.03
6,400,27,8,0.03
0,62,4,2,0.03
1,94,6,10,0.03
1,28,3,1,0.03
0,52,3,1,0.03
1,33,4,1,0.03
0,54,2,2,0.03
0,62,6,0,0.03
3,400,10,8,0.03
4,144,11,7,0.03
3,400,4,9,0.03
2,146,9,7,0.03
3,362,12,9,0.03
3,126,10,4,0.02
3,115,10,9,0.02
4,52,5,4,0.02
6,333,14,7,0.02
4,246,16,14,0.02
2,97,8,3,0.02
0,181,1,4,0.02
4,400,13,6,0.02
5,243,14,5,0.02
2,248,8,7,0.02
1,25,3,2,0.02
2,202,14,11,0.02
5,303,17,6,0.02
3,225,9,8,0.02
9,381,31,3,0.02
5,400,13,10,0.02
2,400,9,3,0.02
5,400,14,5,0.02
1,78,2,5,0.02
0,69,2,1,0.02
6,192,13,6,0.02
1,46,5,2,0.5
0,13,1,4,0.48
1,57,5,9,0.44
0,10,1,4,0.43
0,28,2,6,0.41
3,65,7,9,0.36
1,27,2,4,0.35
0,45,1,12,0.32
0,6,1,2,0.31
0,44,5,9,0.29
3,156,13,13,0.24
0,41,1,4,0.22
1,33,2,1,0.22
0,20,1,4,0.22
0,38,3,12,0.2
1,73,9,7,0.19
4,95,10,12,0.18
3,103,11,19,0.16
3,99,10,8,0.15
1,22,3,4,0.15
0,32,4,5,0.14
0,22,3,5,0.14
3,194,12,11,0.12
1,17,2,2,0.12
1,46,6,9,0.11
0,41,1,5,0.11
5,185,18,13,0.1
0,29,3,5,0.1
5,112,10,10,0.1
2,156,9,14,0.09
3,169,15,11,0.08
0,20,1,1,0.08
2,73,7,4,0.08
0,11,1,3,0.08
1,138,9,12,0.07
3,400,16,12,0.07
5,400,14,10,0.06
0,66,1,5,0.06
0,23,2,1,0.06
2,273,13,12,0.05
3,61,6,3,0.05
3,358,19,20,0.05
3,400,19,12,0.04
0,38,1,3,0.04
0,57,7,2,0.04
0,34,1,4,0.04
0,32,1,0,0.04
0,52,1,5,0.04
1,112,13,14,0.04
3,160,9,13,0.04
1,106,11,9,0.04
5,400,25,19,0.04
7,305,25,10,0.03
4,400,22,6,0.03
6,233,17,5,0.03
4,277,27,19,0.03
1,31,4,4,0.03
1,52,6,3,0.03
0,9,1,3,0.03
0,64,7,9,0.03
4,400,21,9,0.03
0,76,1,3,0.03
4,150,10,8,0.03
0,221,9,7,0.03
0,99,1,3,0.03
2,400,14,9,0.02
1,193,7,2,0.02
0,38,1,3,0.02
0,205,1,6,0.02
2,283,12,10,0.02
5,239,15,5,0.02
3,400,15,8,0.02
2,163,12,9,0.02
4,146,15,8,0.02
6,140,10,3,0.02
3,400,13,6,0.02
1,102,5,1,0.02
3,400,14,9,0.02
3,344,16,8,0.02
1,204,7,4,0.02
1,117,7,7,0.02
3,400,12,8,0.02
0,37,4,1,0.02
3,147,9,7,0.02
1,69,8,6,0.02
5,135,16,4,0.02
8,205,17,5,0.02
5,191,12,7,0.02
3,143,17,4,0.02
3,179,15,8,0.02
1,112,12,10,0.02
5,280,20,17,0.01
4,147,16,10,0.01
0,18,2,0,0.01
2,43,6,1,0.01
5,145,17,18,0.01
9,400,38,15,0.01
6,231,20,14,0.01
2,57,6,3,0.01
3,70,7,5,0.01
2,52,4,5,0.5
0,35,4,8,0.47
0,5,1,3,0.46
1,27,2,6,0.44
0,20,1,6,0.42
0,10,1,2,0.41
1,111,11,18,0.34
0,6,1,3,0.34
0,55,5,15,0.3
2,37,3,5,0.29
0,15,1,4,0.28
0,5,1,3,0.27
1,55,3,4,0.26
0,14,1,4,0.25
0,30,4,6,0.25
1,25,2,1,0.24
0,49,1,10,0.23
0,11,1,2,0.22
1,47,4,11,0.21
0,23,3,5,0.21
0,11,1,3,0.21
0,46,5,7,0.2
0,42,2,7,0.18
1,39,2,6,0.17
0,33,1,7,0.17
0,84,6,6,0.16
1,51,5,12,0.15
0,103,12,13,0.14
2,92,7,9,0.13
1,37,3,0,0.13
2,41,4,3,0.13
3,179,15,15,0.11
2,107,10,11,0.1
1,25,3,5,0.1
1,104,9,6,0.1
1,19,2,6,0.1
4,170,14,12,0.09
1,97,8,4,0.08
2,228,19,13,0.08
4,400,25,15,0.07
1,25,3,4,0.07
3,105,11,13,0.06
0,34,5,7,0.06
4,101,10,9,0.06
1,125,10,7,0.06
3,146,11,11,0.06
5,344,23,21,0.05
5,400,24,14,0.05
4,132,12,7,0.05
0,48,4,9,0.04
1,42,5,3,0.04
5,263,20,17,0.04
2,204,14,13,0.04
3,333,22,15,0.04
2,265,10,7,0.03
1,95,8,2,0.03
2,94,5,0,0.03
3,400,17,12,0.03
3,400,11,9,0.03
2,400,6,6,0.03
3,400,17,15,0.03
0,11,1,2,0.03
3,400,18,2,0.03
3,66,8,5,0.03
5,288,22,10,0.02
6,400,19,13,0.02
1,68,7,11,0.02
2,88,10,13,0.02
0,37,3,4,0.02
2,111,11,7,0.02
8,400,24,11,0.02
8,400,28,18,0.02
4,125,11,8,0.02
3,400,16,10,0.02
5,400,25,14,0.02
3,400,24,10,0.02
6,119,13,3,0.02
3,144,12,7,0.02
9,384,19,8,0.02
2,73,9,3,0.02
0,54,6,4,0.02
6,400,26,11,0.02
3,180,18,17,0.02
0,35,4,6,0.02
7,374,34,15,0.01
0,44,6,5,0.01
0,143,10,10,0.01
1,84,9,7,0.01
5,322,21,11,0.01
4,400,24,16,0.01
4,64,6,0,0.01
0,24,3,1,0.01
1,34,4,5,0.01
0,75,9,12,0.01
2,240,17,5,0.01
4,281,19,8,0.01
1,78,10,6,0.01
3,146,16,11,0.01
8,400,29,18,0.01
1,68,8,14,0.01
5,139,16,13,0.5
0,20,3,4,0.48
0,23,3,7,0.46
0,26,3,10,0.42
1,66,6,20,0.36
0,13,2,5,0.35
2,94,9,17,0.3
1,39,4,6,0.29
0,13,1,2,0.28
0,15,2,5,0.27
0,12,1,5,0.26
1,21,2,5,0.26
0,51,4,10,0.23
0,16,1,3,0.23
0,29,3,7,0.22
1,163,14,12,0.19
1,63,6,8,0.18
0,21,1,4,0.17
0,7,1,2,0.17
1,55,5,7,0.16
0,15,1,4,0.16
0,125,3,15,0.14
1,47,3,3,0.13
1,19,2,2,0.13
0,16,2,2,0.13
3,89,9,5,0.13
9,379,29,21,0.1
6,194,16,5,0.1
2,149,14,9,0.09
0,144,14,7,0.08
0,53,1,5,0.08
0,11,1,3,0.08
3,88,7,13,0.08
4,177,20,7,0.07
1,33,2,3,0.07
4,322,25,15,0.06
3,203,19,10,0.06
1,178,18,8,0.06
0,7,1,0,0.06
2,144,14,7,0.06
0,11,1,1,0.05
5,190,17,9,0.05
0,18,1,4,0.05
0,66,8,5,0.05
4,158,14,7,0.05
8,400,30,15,0.04
3,191,14,8,0.04
0,14,2,1,0.04
3,120,13,5,0.04
3,74,5,6,0.04
1,66,7,4,0.04
3,76,7,4,0.04
3,105,11,8,0.04
6,384,31,11,0.04
6,400,18,9,0.03
0,240,10,9,0.03
0,69,2,0,0.03
7,330,22,12,0.03
3,140,15,5,0.03
2,184,14,8,0.03
1,400,17,11,0.03
2,125,10,2,0.03
5,384,33,12,0.03
5,400,20,12,0.03
3,117,11,5,0.02
0,72,1,4,0.02
2,60,7,1,0.02
8,400,31,9,0.02
1,35,4,4,0.02
2,63,6,4,0.02
3,206,13,5,0.02
2,85,8,4,0.02
0,16,2,0,0.02
4,400,22,13,0.02
4,214,17,3,0.02
2,172,15,9,0.02
6,400,16,6,0.02
0,85,11,6,0.02
1,78,7,7,0.02
8,235,22,7,0.02
1,179,16,6,0.02
0,66,1,4,0.02
7,241,20,5,0.02
7,301,26,5,0.02
8,400,33,7,0.02
3,75,8,5,0.02
5,192,12,7,0.02
6,230,20,4,0.02
5,266,22,7,0.02
7,400,28,10,0.01
3,87,6,3,0.01
6,229,13,1,0.01
4,387,22,2,0.01
7,192,12,3,0.01
4,123,14,2,0.01
3,148,12,8,0.01
3,332,21,12,0.01
3,153,16,2,0.01
1,34,4,3,0.01
3,119,13,6,0.01
5,252,20,5,0.5
0,21,2,5,0.48
0,24,3,8,0.45
0,31,1,7,0.42
1,49,3,8,0.38
0,11,1,5,0.37
0,59,1,7,0.33
0,23,1,4,0.32
0,32,3,8,0.31
1,47,2,8,0.29
1,45,2,9,0.27
0,46,1,6,0.25
0,35,3,10,0.24
0,8,1,3,0.24
0,35,3,11,0.23
0,31,4,8,0.22
0,28,4,2,0.21
0,11,1,1,0.21
0,5,1,3,0.21
0,6,1,1,0.21
0,31,4,11,0.2
0,6,1,3,0.2
0,15,2,6,0.19
0,36,5,7,0.19
1,20,2,5,0.18
0,27,3,7,0.18
0,47,5,11,0.17
0,22,3,0,0.16
0,22,3,6,0.16
0,16,2,4,0.16
4,105,11,11,0.15
1,31,3,4,0.14
0,5,1,3,0.14
3,84,8,15,0.13
3,101,11,9,0.12
1,73,6,8,0.12
3,101,8,6,0.11
3,90,9,8,0.11
3,91,8,12,0.11
0,39,5,6,0.1
1,47,5,9,0.1
0,31,3,5,0.1
0,52,7,13,0.1
1,84,9,9,0.09
3,117,8,9,0.09
3,82,7,4,0.08
0,7,1,2,0.08
2,61,6,10,0.08
4,336,22,25,0.07
2,53,6,12,0.06
1,193,11,10,0.06
1,32,4,3,0.06
1,137,9,14,0.06
0,16,2,0,0.06
4,116,13,11,0.06
5,148,16,8,0.05
8,319,33,16,0.05
3,87,10,6,0.05
3,147,18,10,0.05
4,180,17,14,0.05
1,83,10,15,0.05
3,92,9,2,0.05
7,234,25,16,0.04
5,400,29,19,0.04
4,269,27,18,0.04
5,113,12,7,0.04
2,69,6,5,0.04
1,34,4,3,0.04
2,119,10,7,0.04
5,153,13,6,0.04
2,400,15,16,0.03
2,191,8,5,0.03
0,37,1,3,0.03
2,110,10,1,0.03
2,400,15,11,0.03
0,11,1,0,0.03
3,171,15,9,0.03
0,28,4,2,0.03
5,313,22,9,0.03
8,390,33,14,0.03
4,219,16,9,0.03
4,160,17,12,0.03
4,180,20,5,0.02
0,206,11,3,0.02
4,400,22,8,0.02
4,183,17,4,0.02
0,123,12,2,0.02
1,400,17,8,0.02
2,221,22,9,0.02
7,400,27,9,0.02
5,166,15,6,0.02
1,18,2,1,0.02
6,400,32,14,0.02
7,400,32,11,0.02
5,230,19,7,0.02
4,129,15,11,0.02
9,303,33,12,0.02
3,98,10,4,0.02
2,82,8,2,0.02
2,211,14,10,0.02
5,400,20,9,0.5
0,10,1,3,0.49
0,5,1,3,0.49
0,8,1,4,0.48
0,7,1,3,0.47
0,11,1,3,0.46
0,46,4,13,0.41
0,19,2,5,0.4
0,15,2,3,0.39
1,82,7,15,0.35
0,28,3,10,0.33
0,54,4,11,0.3
3,97,8,16,0.26
2,47,3,11,0.24
1,54,6,7,0.22
1,40,5,3,0.22
2,56,5,6,0.2
4,174,10,16,0.17
2,61,4,8,0.16
1,44,3,6,0.16
2,107,10,9,0.15
0,29,4,7,0.14
0,62,8,4,0.14
1,35,4,5,0.14
0,23,3,6,0.13
0,122,13,23,0.12
3,82,9,2,0.12
0,29,4,6,0.12
2,59,5,8,0.11
6,104,9,5,0.11
1,41,4,6,0.1
7,332,29,32,0.09
0,112,10,10,0.08
4,83,10,8,0.08
3,111,11,7,0.08
0,17,2,1,0.08
3,80,9,9,0.08
0,17,2,4,0.07
3,93,10,9,0.07
0,31,4,5,0.07
5,163,16,24,0.07
4,131,15,18,0.06
1,105,14,9,0.06
5,133,14,7,0.06
4,133,15,11,0.06
2,66,7,1,0.06
0,77,8,9,0.05
0,5,1,2,0.05
2,90,10,10,0.05
0,9,1,3,0.05
3,101,11,7,0.05
4,190,17,11,0.05
0,55,5,7,0.05
2,188,12,2,0.05
0,143,1,5,0.04
5,222,14,7,0.04
6,373,17,13,0.04
3,161,8,4,0.04
5,201,13,12,0.04
1,141,12,9,0.04
4,214,14,12,0.03
2,63,4,1,0.03
1,45,5,0,0.03
0,81,4,7,0.03
0,36,5,7,0.03
3,132,14,8,0.03
2,64,8,3,0.03
0,43,6,6,0.03
2,87,11,11,0.03
4,79,5,9,0.03
3,40,4,8,0.03
3,95,11,4,0.03
2,91,9,5,0.03
0,27,3,4,0.03
1,23,2,4,0.03
2,94,12,5,0.03
0,127,9,10,0.03
4,136,14,1,0.03
3,184,11,5,0.03
2,157,14,10,0.03
5,400,21,7,0.03
4,100,9,2,0.02
2,207,12,6,0.02
1,70,6,4,0.02
6,312,27,8,0.02
4,347,20,6,0.02
1,62,6,2,0.02
4,257,16,7,0.02
5,114,9,4,0.02
1,95,6,4,0.02
1,144,11,7,0.02
1,79,4,2,0.02
0,9,1,3,0.02
1,72,8,4,0.02
1,81,5,2,0.02
5,261,23,11,0.02
5,138,15,10,0.02
3,56,6,0,0.02
3,66,8,4,0.02
2,97,9,6,0.02
3,139,13,6,0.5
0,7,1,2,0.49
0,6,1,3,0.48
0,5,1,2,0.47
0,7,1,3,0.46
0,32,3,11,0.43
0,33,1,7,0.4
0,44,4,10,0.38
0,157,13,26,0.3
0,39,2,8,0.28
1,103,12,13,0.25
0,81,9,9,0.23
0,22,3,2,0.22
0,27,4,2,0.21
0,30,4,4,0.2
2,56,5,4,0.19
4,102,9,8,0.18
0,20,2,3,0.17
3,108,10,8,0.16
0,20,2,1,0.16
2,188,15,15,0.14
4,117,12,8,0.13
0,7,1,3,0.13
0,23,3,2,0.13
2,32,3,2,0.12
1,31,3,6,0.12
1,84,9,9,0.11
1,44,5,7,0.11
0,27,3,8,0.11
0,45,4,6,0.1
1,114,11,10,0.1
3,85,10,8,0.09
0,27,4,5,0.09
0,70,6,5,0.09
3,202,19,11,0.08
2,169,14,18,0.08
0,35,4,8,0.08
5,290,19,14,0.07
4,112,10,6,0.07
6,400,17,13,0.06
1,59,7,3,0.06
0,30,1,4,0.06
0,106,1,5,0.06
4,289,19,13,0.05
1,82,6,6,0.05
5,400,17,3,0.05
1,137,11,4,0.05
0,14,2,0,0.05
1,113,10,15,0.05
0,34,4,6,0.05
1,76,9,4,0.04
3,93,11,8,0.04
0,13,2,1,0.04
2,68,8,5,0.04
0,25,3,6,0.04
2,170,11,11,0.04
2,118,13,9,0.04
1,50,6,9,0.04
0,27,4,2,0.04
2,82,10,6,0.04
9,176,17,13,0.04
1,62,8,5,0.04
1,60,8,6,0.04
1,43,3,1,0.04
1,33,4,1,0.04
2,139,12,6,0.04
2,209,21,22,0.03
3,110,10,3,0.03
6,165,13,10,0.03
3,175,12,10,0.03
8,400,37,21,0.03
3,400,24,13,0.03
2,51,6,8,0.03
3,86,8,6,0.03
3,225,19,12,0.03
7,400,31,14,0.03
1,24,2,2,0.03
1,46,3,6,0.03
5,400,30,14,0.02
8,400,35,14,0.02
6,283,26,16,0.02
2,232,26,10,0.02
4,201,20,11,0.02
6,221,16,12,0.02
2,99,12,8,0.02
0,34,5,5,0.02
2,48,6,6,0.02
1,44,5,5,0.02
8,400,36,17,0.02
1,25,3,3,0.02
1,29,3,9,0.02
1,118,13,14,0.02
4,153,19,16,0.02
3,66,8,10,0.02
0,27,4,4,0.02
0,22,3,5,0.02
9,321,30,22,0.02
0,13,2,6,0.02
0,27,4,5,0.02
5,196,22,20,0.02
5,118,13,17,0.5
0,14,2,3,0.49
0,28,3,14,0.45
0,37,3,15,0.41
1,48,3,12,0.37
0,19,2,6,0.36
4,140,12,27,0.3
0,10,1,2,0.29
0,26,3,9,0.28
0,11,1,1,0.28
0,49,1,6,0.27
5,115,11,15,0.23
0,10,1,1,0.23
1,35,4,2,0.22
0,37,4,11,0.21
1,100,8,15,0.18
0,10,1,3,0.18
1,57,5,7,0.17
0,19,1,2,0.17
0,112,11,11,0.16
3,100,10,9,0.15
0,66,7,12,0.14
0,49,3,4,0.14
0,29,4,2,0.14
0,11,1,1,0.13
2,105,11,9,0.13
1,47,3,2,0.12
1,271,11,16,0.11
5,263,23,27,0.09
3,86,10,8,0.09
6,400,25,18,0.07
1,144,10,12,0.07
2,129,9,8,0.06
2,175,17,10,0.06
0,32,3,6,0.06
2,90,8,2,0.06
7,400,25,24,0.05
2,161,10,5,0.05
1,129,10,12,0.05
5,400,32,25,0.04
2,235,12,7,0.04
8,400,31,14,0.04
5,400,26,20,0.03
3,381,19,11,0.03
0,5,1,3,0.03
0,7,1,3,0.03
0,101,6,5,0.03
1,63,4,5,0.03
5,193,22,10,0.03
3,78,6,4,0.03
1,111,6,1,0.03
2,65,6,4,0.03
9,400,38,10,0.03
0,38,5,2,0.03
5,334,23,8,0.03
6,226,20,15,0.03
0,43,3,4,0.03
5,109,12,11,0.03
3,117,11,11,0.03
6,212,24,11,0.02
0,42,5,6,0.02
3,190,18,14,0.02
8,400,32,15,0.02
6,400,10,4,0.02
0,87,3,4,0.02
7,151,10,10,0.02
6,152,15,4,0.02
5,241,16,6,0.02
2,278,23,6,0.02
2,400,16,9,0.02
8,400,21,15,0.02
6,303,13,16,0.02
8,400,27,13,0.02
2,400,17,12,0.02
4,355,16,6,0.02
7,400,23,11,0.02
7,270,26,5,0.02
7,400,32,13,0.02
5,400,23,14,0.01
0,24,2,1,0.01
0,7,1,0,0.01
0,7,1,0,0.01
7,400,19,11,0.01
9,400,29,18,0.01
2,44,4,0,0.01
6,400,22,7,0.01
4,160,16,5,0.01
8,400,33,16,0.01
1,134,7,1,0.01
4,400,23,6,0.01
4,185,18,11,0.01
1,73,9,1,0.01
0,136,13,10,0.01
1,146,7,4,0.01
0,33,4,0,0.01
2,400,8,3,0.01
3,115,12,5,0.01
4,89,7,10,0.01
2,151,10,3,0.01
4,400,16,3,0.01
5,168,18,4,0.5
0,12,1,2,0.49
0,7,1,3,0.48
0,21,1,7,0.46
0,24,3,4,0.44
0,8,1,3,0.43
0,17,1,4,0.42
0,17,2,6,0.4
0,5,1,3,0.4
1,30,3,8,0.38
3,155,14,20,0.32
2,33,3,2,0.3
0,14,2,3,0.3
1,30,4,6,0.29
0,8,1,4,0.28
2,50,5,8,0.26
0,31,4,11,0.25
0,30,4,9,0.23
1,65,7,11,0.22
1,28,2,8,0.21
0,62,7,12,0.2
0,14,2,5,0.19
3,88,10,12,0.18
1,50,5,6,0.18
3,108,11,13,0.16
0,24,3,7,0.16
0,50,6,12,0.15
0,32,4,5,0.15
0,8,1,0,0.15
5,181,16,19,0.13
0,22,3,5,0.12
0,7,1,2,0.12
1,45,4,8,0.12
1,19,2,4,0.12
1,91,10,14,0.11
4,96,11,9,0.11
1,20,2,2,0.11
0,36,4,7,0.1
1,102,13,13,0.1
0,81,7,9,0.1
5,165,11,16,0.09
6,400,17,34,0.07
1,36,3,7,0.07
2,129,12,15,0.07
0,37,3,7,0.07
2,42,5,5,0.07
2,81,6,9,0.07
3,110,12,12,0.06
4,141,17,13,0.06
1,41,5,4,0.06
7,317,31,26,0.05
2,89,10,10,0.05
1,71,8,5,0.05
2,94,11,10,0.05
4,92,10,11,0.05
3,142,16,8,0.05
6,179,20,13,0.05
2,122,14,14,0.04
1,21,2,4,0.04
1,71,7,16,0.04
1,36,4,6,0.04
2,96,12,9,0.04
1,79,7,7,0.04
1,35,4,3,0.04
8,297,31,16,0.04
6,127,13,16,0.04
5,239,22,10,0.03
1,56,7,6,0.03
8,254,24,15,0.03
4,57,6,5,0.03
0,32,3,5,0.03
5,134,14,8,0.03
1,17,2,0,0.03
2,67,6,11,0.03
3,150,13,5,0.03
9,381,37,22,0.03
9,399,29,13,0.03
8,272,28,11,0.03
0,26,3,6,0.03
1,115,5,8,0.03
5,224,23,7,0.02
2,181,20,17,0.02
3,218,21,6,0.02
2,193,17,14,0.02
0,23,1,3,0.02
2,91,7,9,0.02
0,47,5,4,0.02
0,5,1,4,0.02
3,126,10,4,0.02
3,106,12,5,0.02
3,98,11,7,0.02
3,103,11,11,0.02
2,107,10,3,0.02
2,204,19,10,0.02
5,319,20,17,0.02
4,88,10,4,0.02
1,71,8,4,0.02
8,400,32,19,0.02
1,17,2,3,0.02
3,202,19,16,0.02
2,55,6,8,0.5
0,21,3,5,0.47
1,33,2,11,0.43
0,20,3,5,0.42
0,13,1,3,0.4
0,18,2,10,0.39
0,6,1,1,0.38
0,13,1,4,0.37
0,38,2,7,0.35
5,224,16,29,0.27
0,9,1,3,0.26
2,42,4,8,0.25
3,99,6,15,0.22
8,258,26,35,0.17
1,49,5,9,0.16
3,212,14,23,0.14
0,95,1,6,0.13
0,23,2,4,0.12
0,15,2,4,0.12
9,400,22,23,0.1
0,11,1,2,0.1
0,112,6,7,0.1
1,115,3,10,0.09
0,149,6,12,0.09
5,84,7,3,0.08
2,32,3,3,0.08
3,184,9,8,0.08
1,166,3,4,0.07
3,39,4,6,0.07
2,121,8,5,0.07
0,58,3,5,0.07
0,59,1,4,0.06
0,47,4,2,0.06
3,254,11,10,0.06
9,274,28,17,0.06
