0,7,1,1,0.87
0,14,1,6,0.82
0,8,1,3,0.79
0,10,1,3,0.76
0,19,2,6,0.7
0,8,1,1,0.69
0,17,1,10,0.65
0,5,1,2,0.63
0,5,1,2,0.62
0,37,4,8,0.56
0,29,1,9,0.53
0,14,1,3,0.51
0,30,1,8,0.47
0,22,1,5,0.45
0,18,1,4,0.42
2,55,2,10,0.39
0,11,1,4,0.37
0,26,1,5,0.36
0,17,1,4,0.35
0,16,1,5,0.33
0,13,1,2,0.33
0,10,1,3,0.32
0,13,1,2,0.31
0,19,1,1,0.3
0,52,2,6,0.28
0,16,1,4,0.27
0,12,1,3,0.27
0,5,1,3,0.26
0,20,1,3,0.26
0,20,1,4,0.25
1,67,2,5,0.23
0,24,1,5,0.23
0,12,1,0,0.23
0,36,1,7,0.21
0,90,1,16,0.19
0,28,1,2,0.18
0,31,1,6,0.17
0,11,1,3,0.17
0,45,1,6,0.17
0,11,1,3,0.17
0,26,1,17,0.16
0,95,1,9,0.15
0,56,1,6,0.14
1,107,2,12,0.13
0,44,1,2,0.13
0,96,1,10,0.12
0,9,1,3,0.12
4,400,4,121,0.1
1,189,2,28,0.09
0,61,1,5,0.09
0,112,1,22,0.08
1,117,2,24,0.08
0,22,1,4,0.08
6,265,3,40,0.07
0,56,1,5,0.06
0,42,1,3,0.06
1,301,2,57,0.06
0,156,1,24,0.06
0,400,1,108,0.05
0,104,1,3,0.05
1,245,2,47,0.05
0,63,1,9,0.05
0,200,2,21,0.05
0,62,2,6,0.04
0,74,1,5,0.04
0,154,2,35,0.04
1,239,2,69,0.04
4,348,3,73,0.04
3,400,3,117,0.04
0,375,1,14,0.03
2,141,2,38,0.03
1,400,2,94,0.03
0,109,1,15,0.03
2,343,3,195,0.03
0,269,1,211,0.03
0,35,1,3,0.03
0,5,1,3,0.03
1,236,2,56,0.03
2,166,2,70,0.03
0,400,0,58,0.02
0,132,1,46,0.02
0,257,2,71,0.02
0,400,1,164,0.02
1,164,2,69,0.02
0,400,0,105,0.02
2,168,2,28,0.02
3,285,2,141,0.02
0,400,0,195,0.02
0,227,1,62,0.02
0,400,0,31,0.02
1,400,1,85,0.02
2,281,2,69,0.02
1,400,1,34,0.02
0,14,1,2,0.02
0,400,0,85,0.02
0,400,0,199,0.02
0,234,1,4,0.02
0,400,0,98,0.02
0,400,0,249,0.02
0,187,1,45,0.5
0,13,1,4,0.48
0,10,1,4,0.46
0,24,2,9,0.44
0,25,1,7,0.42
0,70,2,28,0.36
0,8,1,3,0.35
1,50,2,11,0.32
1,77,3,17,0.29
1,153,2,64,0.24
0,66,3,11,0.22
0,7,1,1,0.22
2,38,2,3,0.21
1,35,2,2,0.21
0,103,1,38,0.19
0,71,2,7,0.18
0,14,1,0,0.18
1,50,2,5,0.17
0,29,1,4,0.16
0,62,1,2,0.16
0,86,1,5,0.15
0,32,2,1,0.14
0,64,1,6,0.14
0,69,1,7,0.13
1,90,2,4,0.12
0,81,2,3,0.12
0,29,1,1,0.12
0,8,1,1,0.11
0,45,1,3,0.11
0,126,1,4,0.1
0,37,1,2,0.1
0,21,1,0,0.1
0,30,1,1,0.1
0,78,1,6,0.09
0,98,1,4,0.09
1,69,2,3,0.09
1,142,2,10,0.08
0,82,1,7,0.08
0,5,1,0,0.08
0,24,1,1,0.08
0,5,1,1,0.07
0,138,1,3,0.07
0,174,2,6,0.07
0,100,1,3,0.07
0,232,1,10,0.06
0,18,1,1,0.06
0,134,1,5,0.06
0,16,1,0,0.06
0,166,1,4,0.05
0,182,1,3,0.05
0,109,2,5,0.05
0,96,1,4,0.05
0,59,1,0,0.05
0,114,2,3,0.05
0,391,1,9,0.04
0,90,1,0,0.04
0,400,2,10,0.04
0,48,1,3,0.04
0,28,1,1,0.04
1,264,2,6,0.03
1,400,1,5,0.03
0,186,1,3,0.03
1,400,1,5,0.03
0,221,1,6,0.03
2,376,2,4,0.03
0,375,1,4,0.03
1,400,1,2,0.02
0,313,1,5,0.02
1,400,1,5,0.02
1,106,2,0,0.02
0,280,1,5,0.02
1,224,2,5,0.02
0,12,1,0,0.02
2,400,1,4,0.02
0,400,0,3,0.02
1,290,2,1,0.02
0,305,1,2,0.02
0,400,0,7,0.02
1,400,2,2,0.02
0,201,1,1,0.02
0,400,0,4,0.02
1,400,1,7,0.01
1,400,1,3,0.01
0,400,0,1,0.01
0,115,1,2,0.01
0,6,1,0,0.01
0,115,1,2,0.01
0,400,0,2,0.01
0,87,1,0,0.01
0,23,1,0,0.01
0,65,1,0,0.01
1,370,2,3,0.01
0,196,1,1,0.01
0,400,0,1,0.01
2,400,1,2,0.01
0,194,1,1,0.01
0,400,2,1,0.01
2,116,2,2,0.01
0,76,2,0,0.01
1,337,2,0,0.01
1,62,2,0,0.5
0,10,1,2,0.49
0,13,1,1,0.48
0,21,1,4,0.46
0,8,1,2,0.45
0,20,1,6,0.43
0,12,1,2,0.42
0,62,2,16,0.37
2,31,2,6,0.34
2,34,2,5,0.32
2,30,2,6,0.31
0,13,1,2,0.3
0,17,1,2,0.29
0,7,1,1,0.28
0,32,2,4,0.27
0,17,1,1,0.27
1,21,2,3,0.27
0,17,1,2,0.26
0,23,1,4,0.25
1,24,2,0,0.25
0,16,1,2,0.24
0,44,2,4,0.23
0,9,1,2,0.23
0,8,1,2,0.23
2,88,4,9,0.21
1,79,2,10,0.2
0,33,1,4,0.19
0,51,3,11,0.18
0,30,2,5,0.17
1,23,2,2,0.17
1,17,2,3,0.17
0,6,1,1,0.17
2,34,2,3,0.16
1,25,2,3,0.16
0,25,1,5,0.16
0,15,2,2,0.15
1,31,2,6,0.15
0,7,1,3,0.15
0,14,2,5,0.15
0,14,2,3,0.15
1,22,2,4,0.14
0,18,2,4,0.14
0,17,2,5,0.14
2,22,2,3,0.14
1,24,2,3,0.14
1,27,3,6,0.13
1,49,3,9,0.13
2,52,4,14,0.12
1,26,3,9,0.12
2,38,4,7,0.12
1,43,3,6,0.12
3,19,2,4,0.12
0,9,1,4,0.12
1,25,3,8,0.12
1,26,3,9,0.11
0,13,2,4,0.11
0,20,3,9,0.11
0,6,1,3,0.11
0,6,1,3,0.11
0,13,2,7,0.11
2,22,2,5,0.11
0,13,2,7,0.11
0,8,1,3,0.11
1,24,3,11,0.1
2,29,3,9,0.1
3,25,2,4,0.1
0,8,1,1,0.1
1,19,2,4,0.1
0,12,2,7,0.1
1,16,2,4,0.1
1,18,2,7,0.1
0,14,2,7,0.1
0,6,1,3,0.1
0,15,2,7,0.1
3,29,3,8,0.1
1,18,2,4,0.1
2,24,2,5,0.1
1,21,2,3,0.09
1,20,2,4,0.09
1,19,2,3,0.09
0,7,1,2,0.09
0,6,1,1,0.09
0,13,2,8,0.09
0,26,3,10,0.09
0,15,2,6,0.09
0,6,1,3,0.09
1,26,3,7,0.09
0,13,2,7,0.09
0,6,1,3,0.09
0,13,2,8,0.09
0,30,4,13,0.09
0,13,2,5,0.09
2,18,2,5,0.08
0,27,4,12,0.08
0,6,1,3,0.08
2,38,3,7,0.08
2,27,3,11,0.08
1,28,3,7,0.08
0,6,1,3,0.08
3,25,3,8,0.08
0,23,3,6,0.5
1,36,3,7,0.47
0,5,1,3,0.46
0,24,1,5,0.45
0,36,1,5,0.42
0,12,1,3,0.41
0,14,1,4,0.4
0,34,1,2,0.37
1,17,2,4,0.36
0,10,1,5,0.35
0,8,1,1,0.35
0,6,1,3,0.34
0,11,1,4,0.33
0,26,1,5,0.32
0,12,1,0,0.31
0,39,1,7,0.3
3,73,4,10,0.26
0,46,1,10,0.24
0,47,1,3,0.24
2,52,2,1,0.23
2,27,2,3,0.22
0,42,1,4,0.21
7,112,6,6,0.19
0,5,1,1,0.18
0,39,1,4,0.17
0,68,1,7,0.17
0,96,2,6,0.16
3,46,3,3,0.15
0,9,1,1,0.15
0,115,1,9,0.14
0,28,1,1,0.14
7,176,5,15,0.12
4,169,4,5,0.11
1,82,2,5,0.1
12,312,8,6,0.09
0,151,1,7,0.08
0,52,1,2,0.08
0,20,1,2,0.08
1,103,2,1,0.08
3,330,4,9,0.07
0,26,1,1,0.07
6,360,5,11,0.06
4,400,4,10,0.05
0,5,1,1,0.05
2,400,4,3,0.05
4,400,4,4,0.04
0,87,1,2,0.04
6,400,2,10,0.04
4,400,2,7,0.04
1,400,1,7,0.03
3,317,4,5,0.03
3,400,1,6,0.03
0,400,3,5,0.03
0,82,1,0,0.03
0,31,1,0,0.03
0,45,1,0,0.03
0,400,0,4,0.03
0,269,1,3,0.03
0,128,1,2,0.03
0,75,1,1,0.03
0,52,1,0,0.03
0,88,1,1,0.03
0,262,1,3,0.02
0,400,1,3,0.02
0,29,1,2,0.02
4,400,3,2,0.02
1,400,1,9,0.02
2,400,2,3,0.02
0,119,1,2,0.02
2,400,2,1,0.02
0,400,2,2,0.02
0,400,2,8,0.02
3,400,1,3,0.02
0,400,0,3,0.02
0,400,0,4,0.02
3,400,2,1,0.01
1,400,1,18,0.01
0,400,1,1,0.01
0,400,0,5,0.01
2,400,1,15,0.01
0,400,0,106,0.01
1,400,1,1,0.01
0,400,0,2,0.01
1,400,1,4,0.01
0,190,1,3,0.01
0,400,1,7,0.01
0,347,1,0,0.01
1,400,2,3,0.01
0,400,0,1,0.01
0,400,0,3,0.01
1,400,1,0,0.01
0,400,0,0,0.01
0,400,0,1,0.01
0,110,1,1,0.01
0,400,0,2,0.01
0,400,0,1,0.01
0,400,0,1,0.01
0,194,1,1,0.01
0,316,1,0,0.01
0,203,1,2,0.01
0,400,0,2,0.5
0,14,1,6,0.48
0,5,1,2,0.47
0,12,1,7,0.45
0,31,1,8,0.43
0,7,1,0,0.42
2,35,3,5,0.4
0,35,1,5,0.37
0,5,1,0,0.37
0,7,1,3,0.36
0,20,1,5,0.34
0,13,1,4,0.33
0,5,1,1,0.33
0,31,2,4,0.31
0,30,1,3,0.3
0,24,1,3,0.29
1,164,4,15,0.24
0,123,1,11,0.2
0,9,1,1,0.2
3,292,6,21,0.16
0,110,2,10,0.15
1,38,2,1,0.14
0,45,1,2,0.14
4,208,4,7,0.13
8,400,7,14,0.1
4,232,5,8,0.09
1,249,3,8,0.09
5,400,5,9,0.07
5,400,4,9,0.07
3,400,2,15,0.06
0,325,1,8,0.05
0,400,0,12,0.05
5,400,5,36,0.04
5,400,5,9,0.04
0,106,1,1,0.04
1,205,3,4,0.04
0,400,1,8,0.03
0,400,1,7,0.03
0,400,0,3,0.03
1,400,2,4,0.03
3,400,2,7,0.03
6,400,3,8,0.03
3,400,2,4,0.03
3,400,2,5,0.02
0,222,1,3,0.02
0,400,3,3,0.02
0,374,2,4,0.02
2,400,2,3,0.02
8,400,3,4,0.02
0,177,1,0,0.02
4,400,4,1,0.02
5,400,3,7,0.02
0,400,0,3,0.02
0,215,1,2,0.02
0,400,0,3,0.02
6,400,3,4,0.02
0,64,1,0,0.02
0,400,0,5,0.01
0,400,2,2,0.01
0,400,0,5,0.01
0,400,0,2,0.01
0,364,1,1,0.01
0,163,1,4,0.01
0,400,0,7,0.01
6,400,4,0,0.01
2,400,1,4,0.01
0,159,1,3,0.01
0,400,0,1,0.01
0,400,0,1,0.01
0,400,0,1,0.01
2,201,2,1,0.01
0,400,0,2,0.01
2,400,1,3,0.01
2,284,3,2,0.01
2,400,2,1,0.01
0,400,0,1,0.01
0,400,0,0,0.01
0,400,0,2,0.01
0,400,0,1,0.01
8,400,5,1,0.01
6,382,5,4,0.01
7,400,5,0,0.01
2,283,3,0,0.01
0,37,1,0,0.01
5,400,5,0,0.01
0,400,0,0,0.01
9,220,7,0,0.01
0,400,0,3,0.01
7,256,4,2,0.01
7,400,4,2,0.01
0,400,0,5,0.01
0,400,0,3,0.01
0,161,1,0,0.01
1,202,2,5,0.01
0,400,0,1,0.01
0,400,0,2,0.01
6,400,2,1,0.01
0,400,0,1,0.01
11,400,6,2,0.01
0,400,0,3,0.01
9,400,6,1,0.5
1,32,3,9,0.47
0,9,1,3,0.45
0,15,2,5,0.43
0,20,2,5,0.42
0,14,1,4,0.41
0,6,1,0,0.4
0,35,1,6,0.37
0,12,1,5,0.36
0,12,1,2,0.35
2,157,6,23,0.29
0,14,1,3,0.28
8,238,13,24,0.21
0,25,1,2,0.21
0,5,1,0,0.21
0,106,1,8,0.19
2,143,4,6,0.17
2,83,5,8,0.16
0,87,1,19,0.15
3,56,3,3,0.14
0,92,3,7,0.14
0,89,1,11,0.12
1,59,2,4,0.12
15,400,8,17,0.09
5,105,5,3,0.09
2,61,4,4,0.09
2,43,2,0,0.09
6,67,4,3,0.08
5,88,6,1,0.08
0,96,1,5,0.08
9,400,9,7,0.07
17,357,13,12,0.06
2,174,4,3,0.06
1,36,2,1,0.06
2,160,2,5,0.06
1,400,3,9,0.05
2,298,3,6,0.05
6,104,4,0,0.05
0,17,1,0,0.05
11,210,9,4,0.04
1,262,3,6,0.04
9,400,6,5,0.04
0,102,1,2,0.04
0,37,1,0,0.04
18,400,8,11,0.03
0,25,1,1,0.03
0,13,1,1,0.03
13,248,10,10,0.03
0,71,2,2,0.03
16,400,10,8,0.03
0,7,1,1,0.03
12,226,11,9,0.03
5,400,3,8,0.03
1,24,2,2,0.03
23,388,12,8,0.02
5,64,4,1,0.02
3,174,6,3,0.02
28,400,15,2,0.02
2,246,4,7,0.02
29,400,16,8,0.02
2,51,3,0,0.02
0,167,1,3,0.02
0,25,1,0,0.02
0,110,1,1,0.02
10,219,7,7,0.02
0,165,1,1,0.02
7,75,5,2,0.02
3,71,4,6,0.02
0,400,0,4,0.02
0,400,0,3,0.02
0,400,0,2,0.02
21,400,13,8,0.02
0,252,1,2,0.02
7,104,8,8,0.02
0,400,0,4,0.02
7,307,8,7,0.02
28,191,14,2,0.02
8,126,6,2,0.02
23,400,21,4,0.02
0,400,0,3,0.01
4,70,4,0,0.01
19,400,14,7,0.01
7,188,5,1,0.01
0,135,1,2,0.01
0,400,0,3,0.01
2,32,2,0,0.01
0,29,1,0,0.01
7,65,5,3,0.01
19,135,10,13,0.01
11,102,6,3,0.01
7,100,6,9,0.01
18,154,12,8,0.01
48,400,30,14,0.01
2,52,5,3,0.01
21,204,14,6,0.01
12,136,6,3,0.01
9,111,6,10,0.01
9,68,6,0,0.01
0,400,0,5,0.01
6,88,7,8,0.01
10,400,9,9,0.5
1,38,2,8,0.47
3,49,3,9,0.43
0,27,1,9,0.4
0,9,1,2,0.39
1,27,2,8,0.37
2,48,2,13,0.34
1,51,2,12,0.32
6,103,6,16,0.27
5,111,4,18,0.24
6,153,6,19,0.2
0,42,1,4,0.2
1,41,2,8,0.19
1,111,4,9,0.18
4,97,3,13,0.16
10,189,7,10,0.14
0,28,1,2,0.14
1,27,2,6,0.14
2,26,3,1,0.14
0,14,1,2,0.14
9,194,5,10,0.12
1,25,2,2,0.12
2,34,2,8,0.12
8,108,7,10,0.11
4,53,5,3,0.11
12,243,7,14,0.09
7,105,6,13,0.09
0,44,1,2,0.09
0,99,1,6,0.08
1,85,2,4,0.08
4,142,4,14,0.07
4,109,4,6,0.07
0,64,1,4,0.07
0,196,1,9,0.07
0,12,2,0,0.07
3,119,4,9,0.06
2,400,3,8,0.06
0,47,1,5,0.06
3,166,6,14,0.05
6,182,5,6,0.05
3,142,3,5,0.05
3,93,5,4,0.05
2,105,2,8,0.05
0,51,1,3,0.04
2,165,2,2,0.04
11,184,6,7,0.04
0,7,1,3,0.04
0,5,1,2,0.04
0,52,1,3,0.04
0,41,1,3,0.04
7,163,7,2,0.04
0,9,1,2,0.04
0,19,1,1,0.04
4,175,4,12,0.04
2,34,3,0,0.04
11,123,6,6,0.04
7,77,5,5,0.04
1,18,2,2,0.03
2,83,5,10,0.03
0,13,2,3,0.03
4,45,3,4,0.03
3,36,4,6,0.03
4,398,4,3,0.03
4,52,5,5,0.03
0,6,1,1,0.03
12,115,7,3,0.03
1,39,3,4,0.03
2,70,4,11,0.03
2,174,2,5,0.03
6,67,7,10,0.03
2,19,2,2,0.03
8,66,5,9,0.03
2,45,5,11,0.03
9,71,7,6,0.03
1,21,2,8,0.03
6,66,6,4,0.03
1,18,2,3,0.03
0,24,3,7,0.03
7,69,6,8,0.03
3,69,8,14,0.03
3,54,6,15,0.03
3,29,3,1,0.03
1,37,4,6,0.03
2,29,3,1,0.03
6,49,4,3,0.03
5,55,4,4,0.03
2,33,4,10,0.03
0,19,2,1,0.03
2,45,5,10,0.03
5,48,5,8,0.03
1,17,2,2,0.03
3,36,4,9,0.03
2,49,4,7,0.03
15,189,13,12,0.03
0,9,1,2,0.03
12,77,7,7,0.03
6,79,4,1,0.03
0,59,1,3,0.03
10,309,7,8,0.02
8,77,6,3,0.02
0,135,1,4,0.5
0,5,1,2,0.5
0,15,2,5,0.48
0,13,1,3,0.46
0,11,1,5,0.45
1,52,3,10,0.41
0,27,1,7,0.38
0,25,1,2,0.36
0,16,1,4,0.36
0,76,1,20,0.3
0,36,1,7,0.29
0,98,1,14,0.25
0,23,1,3,0.24
2,58,3,4,0.23
2,46,2,7,0.22
6,105,4,10,0.2
11,400,12,27,0.14
0,90,1,7,0.13
0,61,1,6,0.12
0,21,1,3,0.12
0,9,1,3,0.12
21,294,13,11,0.1
8,97,7,17,0.09
7,73,5,9,0.09
20,329,11,15,0.08
1,32,3,4,0.08
0,44,1,3,0.08
4,48,3,2,0.07
16,225,11,14,0.07
2,62,5,9,0.07
4,124,5,1,0.07
5,123,8,10,0.06
1,20,2,4,0.06
0,25,1,2,0.06
1,22,3,7,0.06
0,16,1,3,0.06
17,165,11,16,0.06
1,30,3,3,0.06
0,12,1,1,0.06
1,31,3,2,0.06
9,112,10,14,0.05
3,82,5,7,0.05
18,98,7,4,0.05
0,33,4,5,0.05
2,18,2,5,0.05
6,59,6,8,0.05
1,19,2,5,0.05
6,74,7,5,0.05
8,114,6,7,0.05
7,82,5,9,0.05
5,46,4,4,0.05
2,41,4,11,0.05
21,211,14,14,0.04
3,50,5,10,0.04
4,74,8,2,0.04
14,172,10,6,0.04
2,35,3,5,0.04
9,113,8,13,0.04
3,56,4,10,0.04
3,44,4,5,0.04
9,111,7,3,0.04
6,49,4,1,0.04
15,203,13,12,0.04
10,88,6,8,0.04
13,127,10,9,0.04
8,80,8,8,0.04
7,400,6,7,0.03
0,18,2,0,0.03
11,141,9,4,0.03
19,171,17,18,0.03
6,52,5,7,0.03
4,47,5,9,0.03
13,102,10,6,0.03
2,19,2,5,0.03
17,136,11,7,0.03
4,51,5,10,0.03
4,70,5,12,0.03
2,53,6,7,0.03
11,121,8,4,0.03
4,52,4,0,0.03
36,372,26,18,0.03
17,195,9,2,0.03
5,43,4,7,0.03
6,85,6,1,0.03
4,59,3,4,0.03
0,11,1,2,0.03
8,75,6,9,0.03
6,76,5,4,0.03
10,261,13,7,0.02
31,400,25,25,0.02
4,400,3,10,0.02
6,75,5,5,0.02
12,113,9,8,0.02
18,400,15,11,0.02
27,227,17,16,0.02
1,19,2,5,0.02
5,52,4,0,0.02
30,390,24,19,0.02
14,359,10,10,0.02
2,29,3,3,0.02
5,60,5,7,0.5
0,7,1,3,0.49
2,38,4,9,0.46
0,6,1,2,0.45
0,9,1,2,0.45
1,64,5,13,0.39
4,104,4,11,0.33
0,53,1,11,0.3
0,29,3,5,0.29
3,82,4,15,0.26
0,18,2,6,0.25
8,133,6,15,0.21
0,8,1,4,0.21
0,5,1,3,0.2
5,248,6,29,0.17
18,204,13,9,0.14
19,365,13,24,0.12
18,166,11,9,0.11
7,62,5,9,0.1
12,234,10,12,0.1
4,44,4,7,0.1
5,84,3,4,0.09
2,52,2,7,0.09
2,48,3,3,0.09
8,69,4,2,0.08
17,353,16,18,0.08
2,45,4,6,0.07
5,60,5,2,0.07
15,245,12,15,0.07
5,107,5,1,0.06
0,40,2,6,0.06
3,55,5,6,0.06
7,131,9,13,0.06
13,332,15,11,0.05
2,75,3,7,0.05
11,132,7,4,0.05
16,207,12,11,0.05
17,283,14,15,0.04
3,62,3,1,0.04
1,48,3,6,0.04
13,400,14,13,0.04
1,39,2,3,0.04
15,400,12,14,0.03
10,400,9,11,0.03
5,88,5,3,0.03
12,400,11,11,0.03
2,400,1,8,0.03
0,154,1,4,0.03
0,276,1,6,0.03
3,311,3,7,0.03
2,400,4,6,0.02
9,400,4,11,0.02
9,400,6,9,0.02
0,400,0,3,0.02
5,159,5,4,0.02
5,400,3,1,0.02
6,400,6,12,0.02
4,400,6,2,0.02
8,400,7,9,0.02
3,400,4,1,0.02
0,54,1,4,0.02
12,400,6,6,0.02
6,363,6,3,0.02
4,400,4,2,0.02
0,400,1,5,0.01
10,400,8,6,0.01
5,365,6,3,0.01
14,400,9,5,0.01
3,400,2,5,0.01
2,56,4,5,0.01
19,321,14,6,0.01
7,400,6,6,0.01
1,400,2,6,0.01
8,400,6,0,0.01
0,400,3,5,0.01
4,400,3,0,0.01
4,62,4,4,0.01
2,400,3,5,0.01
9,400,5,1,0.01
14,400,11,4,0.01
7,400,3,6,0.01
14,400,11,7,0.01
5,400,5,8,0.01
9,175,7,6,0.01
7,190,8,12,0.01
11,400,9,1,0.01
10,400,10,3,0.01
8,400,6,3,0.01
4,74,5,3,0.01
18,400,10,6,0.01
19,400,11,6,0.01
1,35,2,1,0.01
7,177,9,12,0.01
15,400,9,13,0.01
23,400,15,16,0.01
2,400,2,1,0.01
9,88,7,6,0.01
1,298,5,9,0.01
16,183,11,4,0.01
5,400,3,4,0.01
6,163,7,8,0.5
0,18,1,6,0.48
0,19,2,8,0.45
0,7,1,4,0.44
1,26,2,10,0.41
0,8,1,3,0.4
0,24,1,8,0.38
0,17,1,5,0.36
1,43,2,6,0.33
0,33,1,5,0.31
0,52,1,9,0.29
0,85,1,15,0.25
0,7,1,1,0.25
0,98,2,8,0.22
0,40,1,4,0.21
2,61,2,10,0.2
3,54,3,8,0.18
1,60,2,10,0.17
18,179,12,11,0.15
0,5,1,4,0.15
5,61,4,3,0.14
15,158,13,16,0.13
2,34,4,8,0.13
0,7,1,4,0.13
6,85,6,8,0.12
17,163,12,12,0.11
7,79,5,9,0.1
0,33,1,2,0.1
3,79,4,8,0.1
11,163,9,9,0.09
5,47,4,7,0.09
4,42,5,2,0.09
18,138,13,14,0.08
2,41,4,7,0.08
2,21,2,5,0.08
7,114,9,12,0.07
15,183,11,9,0.07
2,29,3,4,0.07
1,22,2,4,0.07
36,400,23,13,0.06
0,122,1,5,0.06
1,55,2,6,0.05
3,81,4,10,0.05
0,21,1,4,0.05
2,21,2,4,0.05
8,400,7,11,0.05
17,400,15,23,0.05
4,31,3,6,0.04
4,44,4,6,0.04
14,382,13,8,0.04
8,113,5,6,0.04
5,147,7,8,0.04
4,41,4,5,0.04
13,226,9,13,0.04
15,161,10,9,0.04
6,90,5,5,0.04
7,400,3,6,0.03
11,400,8,9,0.03
0,11,1,0,0.03
0,32,2,0,0.03
5,400,4,3,0.03
2,37,3,6,0.03
4,42,4,0,0.03
6,400,6,10,0.03
5,36,3,5,0.03
2,31,3,5,0.03
2,42,5,8,0.03
4,49,4,7,0.03
11,400,13,13,0.03
5,37,4,7,0.03
9,70,5,7,0.03
3,35,3,4,0.03
2,36,4,4,0.03
8,400,12,16,0.03
1,16,2,0,0.03
2,41,3,4,0.03
2,29,2,3,0.03
10,176,13,12,0.03
18,136,13,12,0.03
8,97,12,17,0.02
15,400,9,9,0.02
0,17,1,0,0.02
3,45,4,1,0.02
18,328,16,12,0.02
1,30,2,4,0.02
6,72,6,6,0.02
16,182,14,3,0.02
3,36,4,5,0.02
7,146,7,9,0.02
26,400,16,14,0.02
2,36,4,2,0.02
4,34,3,6,0.02
16,146,9,11,0.02
10,167,8,7,0.02
11,215,11,5,0.02
17,382,11,8,0.02
18,244,13,16,0.02
21,400,12,7,0.02
21,317,16,11,0.02
1,400,2,1,0.02
6,69,5,0,0.5
0,21,1,3,0.48
0,6,1,3,0.47
0,13,1,5,0.45
0,16,1,6,0.43
1,16,2,5,0.42
0,21,1,8,0.4
0,27,2,6,0.38
0,19,1,1,0.37
2,61,3,13,0.34
3,37,3,4,0.32
15,196,12,34,0.24
10,152,7,22,0.2
0,13,1,2,0.2
0,12,1,2,0.19
1,22,3,5,0.19
1,22,2,5,0.18
5,66,6,12,0.18
2,20,2,4,0.17
2,26,3,7,0.17
5,45,6,8,0.16
3,27,3,5,0.16
0,7,1,3,0.16
6,56,6,11,0.15
2,31,3,10,0.15
1,15,2,5,0.14
2,18,2,4,0.14
1,37,4,9,0.14
5,48,5,8,0.13
0,5,1,4,0.13
6,53,5,9,0.13
4,57,6,14,0.12
3,79,7,18,0.12
10,90,8,15,0.11
1,35,4,5,0.11
13,400,22,26,0.09
9,73,5,9,0.09
8,58,4,12,0.09
9,90,6,5,0.08
24,400,19,25,0.07
9,104,10,14,0.07
13,270,11,17,0.07
1,32,4,8,0.07
0,7,1,2,0.06
9,90,8,7,0.06
9,93,7,6,0.06
4,79,7,9,0.06
2,38,4,7,0.06
2,31,3,5,0.06
6,70,7,14,0.06
3,42,3,5,0.06
11,107,8,9,0.05
17,400,17,21,0.05
3,40,4,4,0.05
6,78,5,10,0.05
4,57,5,8,0.05
10,89,7,5,0.04
0,12,1,1,0.04
6,80,4,9,0.04
3,31,3,4,0.04
4,71,6,11,0.04
4,59,5,4,0.04
2,42,4,0,0.04
18,189,18,26,0.04
3,42,4,6,0.04
3,41,5,5,0.04
2,29,3,1,0.04
2,156,3,5,0.04
5,57,6,11,0.04
5,48,5,1,0.04
8,199,8,13,0.04
6,66,7,8,0.04
3,32,3,6,0.04
11,237,12,19,0.04
0,32,4,9,0.03
5,101,8,11,0.03
4,100,8,15,0.03
8,110,10,9,0.03
16,181,11,12,0.03
21,400,14,24,0.03
18,175,14,15,0.03
21,349,19,21,0.03
9,101,8,9,0.03
7,79,7,8,0.03
28,400,21,17,0.03
11,103,10,12,0.02
15,335,21,37,0.02
0,19,2,0,0.02
8,75,7,1,0.02
9,116,11,16,0.02
3,61,8,11,0.02
5,67,4,1,0.02
10,151,14,21,0.02
0,13,2,1,0.02
7,108,13,7,0.02
2,54,6,6,0.02
0,15,2,3,0.02
9,138,12,22,0.02
8,144,13,15,0.02
29,400,29,19,0.02
4,53,5,6,0.5
2,27,2,10,0.47
0,8,1,3,0.45
0,9,1,4,0.44
0,48,4,11,0.4
0,35,2,10,0.37
0,5,1,2,0.36
0,16,1,4,0.35
2,84,4,15,0.32
1,23,2,5,0.31
2,44,5,8,0.29
1,45,4,7,0.27
3,52,6,10,0.25
4,49,5,11,0.24
2,18,2,4,0.24
2,39,4,9,0.23
1,18,2,4,0.22
2,37,4,7,0.22
3,39,5,12,0.21
1,17,2,5,0.2
0,5,1,3,0.2
0,10,1,1,0.2
3,39,5,9,0.19
5,59,6,14,0.18
0,29,3,4,0.18
2,22,3,2,0.17
2,44,5,11,0.17
2,14,2,2,0.16
0,14,2,3,0.16
0,13,2,2,0.16
1,26,3,4,0.16
6,107,11,22,0.15
1,41,5,13,0.14
4,68,8,11,0.14
5,77,9,12,0.13
7,83,9,8,0.12
0,13,2,1,0.12
13,137,13,18,0.11
5,159,9,19,0.11
23,335,26,42,0.09
4,43,5,7,0.09
0,7,1,0,0.09
13,125,10,17,0.08
4,34,4,7,0.08
13,154,15,24,0.08
9,126,11,15,0.07
9,80,5,10,0.07
3,31,3,6,0.07
6,96,9,7,0.07
2,24,2,4,0.07
6,81,9,7,0.06
5,72,5,6,0.06
5,45,4,7,0.06
1,49,6,14,0.06
3,39,4,1,0.06
5,56,7,7,0.06
1,30,4,4,0.06
30,316,31,45,0.05
9,111,12,23,0.05
1,16,2,4,0.05
3,17,2,5,0.05
5,64,7,9,0.05
15,379,20,39,0.05
10,204,23,35,0.05
2,27,3,5,0.05
7,49,5,10,0.04
4,56,7,12,0.04
3,26,3,4,0.04
9,89,9,15,0.04
1,28,3,6,0.04
2,17,2,5,0.04
12,116,11,14,0.04
2,17,2,5,0.04
3,37,3,3,0.04
0,13,2,5,0.04
3,61,7,14,0.04
7,98,10,12,0.04
1,15,2,7,0.04
0,8,1,1,0.04
0,5,1,1,0.04
3,26,3,4,0.04
4,56,6,12,0.04
0,7,1,0,0.04
5,37,5,2,0.04
6,117,12,19,0.04
6,83,8,13,0.04
3,45,4,5,0.04
4,44,5,4,0.04
7,97,9,7,0.03
6,358,8,15,0.03
1,27,3,2,0.03
6,95,9,11,0.03
3,37,5,3,0.03
7,87,8,15,0.03
4,83,9,13,0.03
23,400,33,47,0.03
19,204,18,25,0.03
0,5,1,3,0.03
1,38,5,7,0.03
11,100,9,12,0.03
10,186,15,14,0.5
2,44,3,12,0.45
0,5,1,3,0.44
1,22,2,5,0.43
0,6,1,3,0.42
0,10,1,4,0.4
0,17,1,4,0.39
0,32,3,10,0.36
0,28,2,13,0.34
4,71,5,7,0.31
0,7,1,3,0.3
1,22,2,6,0.3
0,7,1,3,0.29
0,5,1,4,0.29
4,79,6,9,0.26
5,76,7,11,0.25
16,164,13,23,0.21
0,8,1,3,0.21
3,27,4,1,0.2
0,6,1,1,0.2
0,14,2,6,0.2
0,13,2,3,0.2
0,13,2,4,0.19
0,6,1,0,0.19
1,23,3,5,0.19
2,67,7,22,0.18
2,17,2,3,0.18
3,52,4,10,0.17
7,88,8,11,0.17
0,18,2,3,0.16
0,25,3,5,0.16
0,7,1,3,0.16
4,74,5,3,0.15
12,116,8,9,0.14
3,58,3,3,0.14
1,21,2,4,0.14
0,9,1,3,0.14
1,30,2,4,0.14
3,54,4,8,0.13
0,28,2,4,0.13
0,13,1,2,0.13
1,31,3,3,0.12
4,47,3,6,0.12
0,5,1,4,0.12
3,36,4,4,0.12
2,25,2,3,0.11
3,54,6,5,0.11
2,18,2,5,0.11
1,25,3,4,0.11
3,33,4,5,0.11
1,15,2,4,0.11
2,40,5,11,0.11
7,102,11,21,0.1
1,44,6,20,0.1
1,17,2,5,0.1
2,50,6,16,0.1
2,72,9,18,0.09
1,17,2,4,0.09
5,43,5,10,0.09
2,21,2,7,0.09
2,19,2,4,0.09
4,109,5,12,0.08
2,22,3,3,0.08
12,142,12,14,0.08
5,69,6,7,0.08
2,33,4,9,0.08
1,25,2,3,0.08
3,57,6,4,0.07
1,27,3,6,0.07
0,25,1,4,0.07
2,25,2,3,0.07
0,9,1,2,0.07
5,148,9,15,0.07
22,201,13,17,0.06
0,33,1,4,0.06
3,58,6,9,0.06
7,43,3,6,0.06
6,97,6,7,0.06
1,43,3,1,0.06
4,85,5,4,0.06
5,72,4,4,0.06
5,60,5,7,0.05
2,33,4,3,0.05
8,65,5,6,0.05
1,20,2,6,0.05
1,24,3,5,0.05
5,88,7,7,0.05
16,196,17,12,0.05
4,37,4,8,0.05
16,131,11,8,0.05
1,14,2,5,0.05
1,32,3,6,0.05
13,215,15,16,0.04
1,19,2,5,0.04
4,45,4,1,0.04
13,191,9,11,0.04
6,77,6,1,0.04
12,187,10,4,0.04
1,36,4,8,0.04
6,46,4,2,0.04
1,39,4,1,0.5
2,21,2,4,0.48
1,27,2,6,0.45
3,41,3,11,0.41
0,31,1,11,0.38
0,17,1,4,0.37
0,6,1,4,0.36
1,53,3,10,0.33
3,26,2,10,0.31
1,36,3,5,0.29
0,42,2,6,0.28
4,55,5,6,0.27
3,44,5,9,0.25
0,32,2,5,0.25
1,39,3,7,0.24
1,29,2,5,0.23
0,17,2,3,0.23
2,42,4,7,0.22
0,48,2,7,0.21
2,28,3,5,0.2
1,31,2,6,0.2
9,90,7,5,0.18
2,61,3,9,0.17
0,33,3,7,0.17
2,24,2,6,0.16
3,81,4,12,0.15
1,42,2,5,0.15
3,43,4,6,0.14
10,104,7,7,0.13
3,28,3,8,0.13
2,46,3,6,0.13
3,24,2,1,0.12
7,70,5,6,0.12
23,202,13,11,0.1
0,5,1,2,0.1
13,107,9,11,0.1
12,113,9,8,0.1
3,77,4,9,0.09
12,127,8,3,0.09
15,111,9,5,0.08
3,70,5,5,0.08
6,212,6,17,0.07
0,74,1,5,0.07
0,146,2,3,0.07
16,174,9,4,0.07
35,400,20,19,0.06
3,51,3,0,0.06
3,165,5,7,0.06
0,33,1,1,0.05
0,15,1,3,0.05
6,153,5,4,0.05
1,144,3,2,0.05
16,186,9,9,0.05
2,34,3,2,0.05
18,260,11,9,0.05
12,140,8,3,0.04
6,74,5,4,0.04
3,59,4,6,0.04
21,199,14,11,0.04
5,93,5,7,0.04
17,172,12,5,0.04
9,141,6,4,0.04
3,258,3,3,0.04
5,51,4,5,0.04
14,190,11,6,0.03
4,189,4,10,0.03
4,211,10,6,0.03
8,132,7,5,0.03
17,212,12,8,0.03
0,25,1,0,0.03
4,53,5,6,0.03
5,123,5,4,0.03
11,256,8,11,0.03
4,98,6,5,0.03
25,213,17,8,0.03
8,172,8,5,0.03
10,158,7,5,0.03
4,83,5,0,0.03
0,27,2,0,0.03
1,207,4,7,0.02
16,399,11,9,0.02
11,400,13,5,0.02
22,189,10,7,0.02
3,94,3,6,0.02
0,33,1,3,0.02
7,300,8,5,0.02
14,252,14,6,0.02
17,257,12,13,0.02
16,238,12,7,0.02
13,400,9,6,0.02
7,81,5,7,0.02
9,105,7,3,0.02
11,102,8,5,0.02
23,358,16,4,0.02
2,37,2,4,0.02
6,91,4,5,0.02
29,352,15,7,0.02
7,108,8,6,0.02
5,77,6,4,0.02
21,252,17,14,0.02
13,151,8,14,0.5
0,24,2,4,0.48
0,17,1,6,0.46
0,17,1,4,0.44
0,11,1,7,0.42
0,44,4,7,0.39
3,90,4,19,0.33
1,65,2,11,0.3
0,43,1,4,0.28
0,8,1,1,0.28
1,29,2,3,0.27
0,21,1,6,0.26
0,7,1,3,0.26
8,104,7,18,0.24
0,18,1,6,0.23
0,13,1,2,0.22
6,108,8,9,0.2
6,133,7,15,0.18
4,97,7,14,0.16
0,28,1,3,0.16
0,107,2,11,0.15
1,108,2,12,0.14
5,175,5,8,0.12
5,99,5,3,0.11
3,59,4,6,0.11
1,76,3,11,0.1
9,102,5,6,0.1
19,395,11,17,0.08
0,29,1,1,0.08
1,18,2,0,0.08
2,37,2,4,0.08
0,30,1,2,0.08
8,190,8,14,0.07
18,208,11,11,0.07
6,118,6,7,0.06
7,167,6,9,0.06
4,49,4,0,0.06
7,192,4,11,0.06
11,238,10,10,0.05
2,46,4,5,0.05
19,213,14,7,0.05
5,60,4,0,0.05
3,53,3,3,0.05
6,111,7,7,0.05
21,198,14,8,0.05
10,92,7,3,0.05
1,33,3,0,0.04
3,104,5,1,0.04
4,45,3,3,0.04
13,117,7,3,0.04
1,50,2,1,0.04
0,119,3,5,0.04
8,100,6,3,0.04
0,17,1,1,0.04
13,153,10,10,0.04
20,358,18,8,0.04
7,127,6,6,0.04
0,159,2,7,0.03
0,27,1,5,0.03
22,400,19,8,0.03
1,48,3,4,0.03
4,45,3,0,0.03
6,90,3,3,0.03
17,309,13,7,0.03
8,94,6,7,0.03
3,30,3,4,0.03
5,61,5,2,0.03
11,99,7,3,0.03
1,116,3,6,0.03
23,198,14,11,0.03
7,131,4,3,0.03
0,7,1,3,0.03
4,109,4,7,0.03
5,46,4,0,0.03
8,124,8,4,0.03
0,61,3,3,0.03
21,389,17,11,0.02
22,183,11,5,0.02
14,172,10,3,0.02
32,371,22,6,0.02
1,24,2,0,0.02
15,120,8,2,0.02
0,37,1,3,0.02
5,56,4,5,0.02
7,92,6,5,0.02
0,34,1,1,0.02
3,68,4,1,0.02
3,48,4,6,0.02
5,88,6,0,0.02
11,200,10,10,0.02
2,160,6,2,0.02
3,32,3,3,0.02
5,81,5,4,0.02
15,131,9,6,0.02
3,46,4,4,0.02
9,331,5,4,0.02
1,34,2,2,0.02
11,182,7,5,0.02
1,32,3,3,0.02
7,109,6,3,0.02
3,87,4,1,0.5
0,18,1,5,0.48
0,18,2,8,0.45
0,5,1,2,0.45
1,24,2,3,0.43
1,21,2,5,0.41
0,20,1,8,0.39
1,22,2,3,0.38
1,37,3,7,0.35
3,56,4,11,0.32
3,46,4,12,0.3
3,52,6,15,0.28
1,17,2,5,0.27
2,45,5,10,0.26
2,24,2,7,0.24
4,32,3,8,0.24
0,16,2,3,0.24
3,52,5,14,0.22
0,6,1,3,0.22
1,25,3,6,0.21
0,7,1,2,0.21
4,57,5,11,0.2
1,20,2,1,0.19
6,68,5,8,0.18
6,61,5,10,0.18
1,26,2,1,0.17
2,23,2,4,0.17
3,29,2,7,0.17
12,131,8,12,0.15
0,7,1,3,0.15
1,21,2,5,0.15
8,92,8,6,0.14
14,157,9,20,0.12
1,62,5,8,0.12
0,25,2,4,0.12
4,56,5,6,0.11
0,11,1,2,0.11
0,20,2,0,0.11
0,5,1,3,0.11
12,109,10,13,0.1
4,64,6,5,0.1
18,196,14,12,0.09
2,26,3,3,0.09
4,46,4,9,0.09
5,44,4,6,0.09
3,41,4,6,0.09
0,6,1,1,0.09
0,7,1,3,0.09
1,24,3,5,0.08
5,41,5,5,0.08
5,35,4,3,0.08
4,59,7,14,0.08
7,83,8,7,0.08
3,68,7,6,0.08
3,39,5,9,0.08
6,59,6,9,0.07
9,98,9,15,0.07
33,302,22,22,0.07
6,54,6,6,0.07
11,108,8,17,0.06
3,41,3,8,0.06
3,42,5,10,0.06
12,84,8,7,0.06
19,152,11,15,0.06
8,85,7,6,0.06
19,164,14,9,0.05
22,211,16,14,0.05
8,99,10,14,0.05
7,113,10,8,0.05
4,70,6,9,0.05
16,111,8,4,0.05
2,27,3,4,0.05
4,55,5,5,0.05
21,214,16,8,0.04
2,17,2,5,0.04
24,242,17,9,0.04
2,32,3,1,0.04
3,99,6,6,0.04
2,44,3,7,0.04
4,36,3,6,0.04
11,103,9,12,0.04
0,7,1,3,0.04
13,137,14,13,0.04
14,121,10,18,0.04
1,15,2,3,0.04
6,44,5,6,0.03
2,69,6,9,0.03
2,25,3,4,0.03
1,17,2,5,0.03
13,98,8,10,0.03
6,96,7,8,0.03
14,179,16,11,0.03
12,87,8,13,0.03
8,97,10,6,0.03
13,125,11,10,0.03
22,169,12,6,0.03
7,55,5,6,0.03
12,140,11,11,0.03
12,139,10,8,0.03
8,109,8,9,0.03
23,191,15,4,0.5
3,44,3,10,0.45
0,5,1,2,0.45
0,5,1,3,0.44
0,5,1,2,0.43
3,32,2,6,0.4
3,57,4,10,0.36
0,5,1,3,0.36
4,72,5,8,0.32
1,69,2,9,0.29
2,39,3,6,0.28
2,26,2,5,0.26
0,36,1,8,0.24
1,22,2,3,0.24
2,19,2,4,0.23
0,15,2,1,0.23
0,6,1,3,0.22
2,33,2,7,0.21
0,12,1,2,0.21
3,39,4,6,0.2
3,35,3,5,0.19
4,81,6,8,0.18
0,15,2,1,0.17
5,76,7,6,0.16
7,100,8,13,0.15
0,62,4,10,0.14
1,30,3,7,0.14
2,35,3,2,0.13
1,19,2,6,0.13
19,236,20,18,0.12
0,20,2,3,0.11
0,8,1,0,0.11
0,7,1,2,0.11
3,37,3,6,0.11
4,55,6,3,0.1
1,31,2,1,0.1
13,112,8,11,0.1
0,9,1,2,0.1
0,30,3,6,0.09
4,38,4,3,0.09
6,78,7,7,0.09
0,13,1,2,0.09
3,36,3,4,0.09
11,86,6,2,0.09
6,51,4,8,0.08
5,78,5,8,0.08
3,47,4,10,0.08
15,140,11,12,0.08
2,40,4,2,0.07
14,109,8,1,0.07
25,236,19,20,0.07
2,32,3,6,0.06
23,210,17,11,0.06
3,65,5,4,0.06
7,66,5,4,0.06
12,80,6,6,0.06
4,51,4,4,0.06
0,13,1,3,0.06
6,70,6,5,0.05
8,68,7,9,0.05
1,29,3,6,0.05
0,29,3,7,0.05
0,11,1,2,0.05
9,98,9,14,0.05
4,46,4,8,0.05
4,35,4,1,0.05
15,115,9,4,0.05
18,157,13,12,0.05
11,88,8,4,0.05
3,37,4,5,0.05
3,52,5,6,0.05
9,118,9,5,0.05
12,89,7,10,0.04
20,152,12,13,0.04
6,64,5,1,0.04
1,36,4,4,0.04
2,16,2,4,0.04
22,188,14,15,0.04
22,183,17,5,0.04
3,28,3,2,0.04
15,156,15,14,0.04
4,32,3,5,0.04
8,85,9,10,0.04
10,161,17,15,0.04
0,17,2,0,0.04
3,26,3,7,0.03
6,52,5,5,0.03
4,61,5,7,0.03
1,22,3,3,0.03
5,46,5,3,0.03
11,98,9,9,0.03
10,118,11,9,0.03
19,169,16,19,0.03
3,43,4,2,0.03
4,51,6,9,0.03
1,18,2,4,0.03
7,92,10,14,0.03
6,47,4,2,0.03
8,81,7,2,0.03
8,64,7,7,0.03
8,70,6,3,0.5
2,31,3,5,0.46
3,48,4,8,0.41
0,11,1,0,0.41
0,10,1,3,0.4
0,10,1,3,0.39
0,9,1,5,0.38
0,5,1,2,0.37
1,21,2,7,0.36
0,8,1,3,0.35
1,18,2,3,0.34
0,20,2,6,0.33
1,23,2,5,0.32
1,30,3,9,0.31
0,6,1,1,0.3
3,43,4,7,0.29
0,10,1,1,0.28
2,28,3,12,0.27
1,31,2,8,0.25
0,15,2,5,0.25
1,25,3,9,0.24
2,58,6,6,0.22
1,51,5,9,0.21
11,140,15,19,0.19
2,18,2,6,0.18
0,13,2,5,0.18
5,64,6,13,0.17
2,28,4,8,0.17
5,50,5,13,0.16
1,14,2,3,0.16
0,6,1,1,0.16
3,39,4,7,0.15
1,35,4,8,0.15
3,20,2,4,0.15
2,30,4,3,0.14
2,15,2,3,0.14
3,52,5,10,0.14
6,98,9,12,0.13
0,10,1,3,0.13
2,32,4,1,0.13
3,42,4,6,0.13
2,27,3,4,0.12
4,49,5,9,0.12
18,235,23,26,0.11
9,93,8,8,0.1
0,17,2,3,0.1
1,18,2,6,0.1
18,183,16,14,0.09
8,82,7,13,0.09
4,82,4,9,0.09
3,19,2,2,0.09
11,95,8,13,0.08
6,110,7,12,0.08
3,32,4,5,0.08
5,77,7,6,0.08
3,26,3,6,0.08
0,16,2,3,0.07
0,7,1,1,0.07
4,63,6,8,0.07
5,40,4,4,0.07
0,7,1,2,0.07
1,20,3,3,0.07
1,26,2,4,0.07
0,8,1,4,0.07
4,52,6,7,0.07
5,102,12,12,0.07
0,5,1,3,0.07
3,16,2,4,0.07
5,42,5,6,0.06
4,56,7,5,0.06
2,28,3,5,0.06
0,7,1,3,0.06
10,96,10,8,0.06
3,48,4,7,0.06
4,41,4,5,0.06
5,56,6,6,0.06
8,70,7,5,0.06
2,38,4,6,0.06
11,138,13,13,0.06
2,52,5,3,0.06
3,22,3,3,0.06
3,44,4,8,0.06
1,30,3,8,0.06
1,15,2,3,0.06
17,216,19,20,0.05
1,25,3,2,0.05
6,78,6,4,0.05
4,81,7,8,0.05
3,34,4,1,0.05
1,56,5,6,0.05
3,71,4,7,0.05
4,37,5,6,0.05
3,79,4,7,0.05
2,45,3,7,0.05
15,187,15,5,0.04
0,5,1,3,0.04
1,20,2,5,0.04
1,15,2,2,0.04
12,118,11,10,0.04
2,33,3,2,0.04
12,89,7,10,0.5
0,23,2,10,0.47
6,111,7,21,0.38
0,7,1,3,0.37
0,6,1,3,0.37
0,5,1,3,0.36
1,21,2,6,0.35
3,69,7,12,0.31
0,20,1,2,0.3
0,23,3,9,0.29
0,16,2,5,0.28
4,65,6,10,0.26
0,8,1,3,0.25
0,7,1,1,0.25
3,56,6,13,0.23
1,20,3,5,0.22
2,45,3,9,0.21
2,32,4,7,0.21
5,41,4,9,0.2
0,8,1,3,0.2
0,12,1,4,0.19
4,49,4,6,0.19
6,31,4,1,0.19
2,29,3,6,0.18
2,31,3,6,0.18
13,153,15,15,0.16
0,7,1,1,0.16
3,39,4,2,0.16
3,30,3,4,0.15
11,126,12,15,0.14
4,86,9,12,0.13
7,88,7,11,0.13
5,75,4,10,0.12
6,48,4,4,0.12
7,85,8,8,0.11
34,316,26,13,0.1
19,206,17,16,0.09
7,84,5,4,0.08
0,20,1,2,0.08
1,24,2,2,0.08
0,20,2,2,0.08
0,21,1,2,0.08
10,81,6,3,0.08
18,193,16,9,0.07
7,168,7,8,0.07
25,222,17,11,0.06
2,118,3,8,0.06
1,33,3,3,0.06
35,305,21,9,0.06
10,91,7,8,0.06
19,168,12,13,0.05
3,58,4,4,0.05
6,101,10,5,0.05
6,56,3,4,0.05
4,63,5,8,0.05
4,56,5,5,0.05
24,237,14,7,0.05
1,30,3,1,0.05
7,61,6,4,0.05
3,62,2,4,0.05
0,35,1,2,0.05
2,28,3,4,0.05
1,22,2,4,0.05
2,68,4,3,0.04
3,49,5,8,0.04
3,43,4,3,0.04
8,105,10,11,0.04
8,110,10,10,0.04
12,172,13,8,0.04
0,19,1,3,0.04
1,70,3,4,0.04
1,57,2,5,0.04
12,141,9,6,0.04
0,65,1,4,0.04
16,243,12,10,0.03
0,11,1,2,0.03
9,123,6,7,0.03
3,45,3,0,0.03
2,70,2,5,0.03
10,123,6,5,0.03
2,58,3,1,0.03
0,32,1,3,0.03
11,175,12,5,0.03
9,86,6,3,0.03
10,82,6,0,0.03
19,144,8,7,0.03
8,90,7,5,0.03
2,17,2,5,0.03
5,74,5,3,0.03
7,60,5,3,0.03
0,14,2,4,0.03
1,22,3,5,0.03
8,84,8,9,0.03
3,41,5,8,0.03
9,141,15,16,0.03
5,78,8,11,0.03
3,49,5,8,0.03
21,178,17,11,0.03
2,34,3,4,0.03
4,42,4,6,0.03
4,46,4,6,0.5
0,6,1,3,0.49
0,8,1,4,0.48
0,13,1,4,0.45
0,20,2,7,0.43
3,65,4,4,0.39
1,23,2,7,0.36
1,27,2,6,0.35
2,24,2,5,0.33
0,21,1,6,0.32
1,29,2,5,0.3
2,44,4,8,0.29
0,8,1,3,0.29
0,21,3,6,0.28
2,27,2,7,0.27
4,41,3,7,0.25
2,61,4,8,0.24
0,22,1,3,0.23
0,22,2,4,0.22
0,15,2,4,0.22
2,39,3,9,0.21
10,103,8,10,0.19
0,17,1,3,0.19
13,167,14,15,0.17
0,5,1,1,0.16
9,136,11,11,0.15
2,40,4,8,0.14
2,46,5,11,0.14
4,67,7,4,0.14
6,59,5,7,0.13
16,183,18,19,0.12
5,75,8,13,0.11
3,43,4,4,0.11
3,41,4,9,0.11
3,35,4,5,0.11
3,38,4,7,0.1
6,37,4,7,0.1
1,33,4,11,0.1
5,88,9,13,0.1
3,47,4,8,0.09
2,40,4,4,0.09
4,55,6,4,0.09
2,21,2,3,0.09
1,21,2,3,0.09
2,26,3,4,0.09
32,377,17,12,0.08
6,91,5,10,0.07
2,25,2,1,0.07
1,58,3,4,0.07
1,47,4,6,0.07
3,52,4,7,0.07
16,164,12,5,0.07
19,200,12,7,0.06
0,40,1,5,0.06
11,127,7,9,0.06
0,12,1,1,0.06
8,68,5,3,0.06
26,302,18,14,0.05
22,163,13,7,0.05
3,30,2,6,0.05
1,14,2,6,0.05
3,60,3,2,0.05
14,126,12,10,0.05
1,21,3,7,0.04
0,5,1,2,0.04
0,15,2,3,0.04
3,38,3,4,0.04
5,78,8,4,0.04
15,131,13,13,0.04
28,295,21,13,0.04
6,59,6,8,0.04
28,348,31,22,0.04
0,15,2,3,0.04
10,71,7,4,0.04
4,49,5,8,0.04
12,97,9,7,0.04
24,207,16,8,0.04
22,209,17,10,0.03
4,67,7,2,0.03
3,40,3,1,0.03
11,134,12,7,0.03
37,400,30,10,0.03
12,100,9,4,0.03
38,400,24,18,0.03
22,180,13,5,0.03
21,322,16,11,0.03
8,90,8,4,0.03
17,400,14,7,0.03
12,122,7,9,0.02
22,225,14,3,0.02
7,115,5,9,0.02
9,203,13,5,0.02
11,86,7,5,0.02
21,400,12,13,0.02
9,96,8,6,0.02
9,72,8,4,0.02
1,20,2,0,0.02
7,76,7,7,0.02
1,46,4,5,0.02
18,167,11,7,0.02
16,178,11,8,0.5
0,8,1,4,0.49
0,14,1,5,0.47
1,28,2,6,0.45
0,31,3,9,0.42
3,54,4,12,0.37
0,7,1,3,0.37
0,5,1,1,0.36
3,34,2,9,0.34
4,43,3,8,0.32
0,22,2,6,0.31
7,79,5,16,0.28
1,18,2,5,0.27
0,13,1,2,0.27
22,272,19,26,0.21
0,11,1,2,0.2
0,21,1,4,0.2
0,13,1,1,0.19
0,53,1,9,0.19
13,159,9,16,0.16
2,27,2,2,0.16
2,111,7,14,0.14
0,14,1,4,0.14
6,71,5,5,0.14
1,42,3,4,0.14
4,65,4,6,0.13
11,165,11,14,0.12
4,116,6,11,0.11
0,5,1,3,0.11
6,139,8,4,0.1
2,24,2,6,0.1
16,158,12,16,0.09
3,55,5,8,0.09
2,68,3,3,0.09
2,19,2,5,0.09
16,137,12,14,0.08
1,23,2,4,0.08
6,65,5,7,0.08
3,29,3,1,0.08
4,71,6,8,0.08
8,73,7,4,0.08
9,116,8,7,0.07
0,11,1,2,0.07
5,60,5,4,0.07
6,73,6,6,0.07
16,168,13,6,0.07
4,50,4,6,0.07
20,204,14,13,0.06
3,58,4,5,0.06
26,312,19,9,0.06
13,249,16,7,0.05
13,169,11,9,0.05
16,127,8,4,0.05
0,5,1,3,0.05
2,46,3,3,0.05
25,280,15,8,0.04
24,400,15,10,0.04
14,83,7,4,0.04
0,12,1,3,0.04
22,400,22,11,0.04
0,15,1,3,0.04
1,37,2,2,0.04
7,80,6,6,0.04
13,115,6,7,0.04
37,331,19,5,0.03
15,132,10,3,0.03
0,53,4,6,0.03
15,237,12,15,0.03
4,54,4,8,0.03
19,165,12,7,0.03
4,55,5,3,0.03
1,28,2,1,0.03
8,110,9,0,0.03
16,131,11,5,0.03
5,57,4,1,0.03
23,242,16,2,0.03
11,106,8,8,0.03
13,203,14,9,0.03
5,60,4,2,0.03
10,109,7,6,0.03
35,233,18,6,0.02
25,400,15,3,0.02
1,33,3,2,0.02
1,43,3,1,0.02
28,262,18,6,0.02
10,86,6,4,0.02
22,241,17,3,0.02
10,400,7,8,0.02
19,223,11,8,0.02
7,89,7,2,0.02
1,17,2,1,0.02
2,54,4,0,0.02
27,218,18,2,0.02
2,34,3,1,0.02
29,223,20,12,0.02
0,22,2,0,0.02
38,400,32,13,0.02
6,42,3,5,0.02
17,130,11,10,0.02
12,194,13,5,0.02
17,111,9,3,0.5
1,16,2,5,0.49
2,18,2,5,0.47
0,5,1,3,0.47
0,54,1,10,0.41
0,7,1,2,0.41
0,20,1,4,0.4
2,35,3,7,0.37
1,40,3,8,0.35
4,33,3,5,0.33
11,136,11,21,0.28
0,27,3,6,0.26
0,7,1,5,0.26
0,22,2,3,0.25
9,109,8,14,0.22
3,61,5,12,0.21
1,22,2,4,0.2
0,8,1,1,0.2
6,66,5,9,0.18
2,46,4,6,0.18
1,20,2,4,0.17
1,35,4,1,0.17
1,16,2,3,0.17
2,44,5,7,0.17
9,78,10,16,0.15
2,25,2,3,0.15
7,92,8,12,0.14
5,47,5,10,0.13
0,5,1,2,0.13
3,45,5,10,0.13
1,27,3,8,0.13
0,5,1,3,0.13
3,40,5,5,0.12
8,96,10,16,0.12
0,6,1,3,0.12
1,15,2,4,0.12
1,31,4,7,0.11
5,80,9,13,0.11
7,63,7,9,0.1
3,25,2,7,0.1
8,41,4,7,0.1
11,107,10,9,0.1
12,92,7,7,0.09
2,17,2,4,0.09
2,63,6,6,0.09
20,228,21,17,0.08
0,10,1,4,0.08
36,400,34,12,0.07
31,400,28,13,0.06
17,155,11,9,0.06
6,63,6,2,0.06
0,18,1,4,0.06
22,324,21,14,0.05
28,350,20,13,0.05
25,249,15,7,0.05
33,281,14,9,0.04
4,179,5,4,0.04
2,78,4,8,0.04
7,92,5,6,0.04
15,144,12,9,0.04
5,57,4,1,0.04
20,275,12,3,0.04
0,31,1,3,0.04
11,296,10,11,0.04
25,334,18,10,0.03
5,164,8,4,0.03
11,109,8,4,0.03
6,74,4,7,0.03
1,22,2,0,0.03
13,137,10,8,0.03
31,400,22,6,0.03
28,331,17,8,0.03
6,64,4,6,0.03
2,52,6,8,0.03
34,303,25,9,0.03
9,69,5,8,0.03
33,356,28,10,0.03
3,39,4,5,0.03
17,145,14,10,0.02
1,17,2,5,0.02
0,5,1,3,0.02
10,82,8,2,0.02
1,27,4,5,0.02
1,24,3,7,0.02
18,140,15,9,0.02
4,59,7,8,0.02
6,59,6,11,0.02
5,104,11,10,0.02
1,14,2,1,0.02
1,21,2,6,0.02
8,81,10,11,0.02
0,7,1,3,0.02
5,62,6,4,0.02
9,93,8,7,0.02
37,400,35,12,0.02
4,59,6,2,0.02
19,184,14,8,0.02
38,400,27,11,0.02
12,106,8,5,0.02
6,103,7,13,0.02
32,400,22,5,0.5
0,22,2,7,0.48
1,21,2,5,0.46
0,11,1,6,0.44
1,23,3,8,0.42
1,23,2,7,0.41
0,16,1,4,0.39
0,9,1,3,0.39
0,8,1,2,0.37
0,7,1,3,0.37
0,17,2,5,0.35
0,25,3,5,0.34
1,43,2,9,0.32
4,85,6,11,0.28
0,19,2,1,0.27
2,41,3,9,0.26
9,111,6,12,0.23
0,44,1,5,0.22
2,19,2,5,0.22
15,177,8,10,0.19
0,10,1,2,0.18
0,36,1,4,0.18
10,194,7,20,0.15
0,8,1,4,0.15
0,15,1,1,0.15
2,66,2,10,0.14
0,11,1,2,0.14
1,13,2,2,0.14
2,29,3,5,0.13
10,97,8,5,0.12
5,41,4,9,0.12
4,64,6,12,0.11
1,19,2,4,0.11
1,28,3,3,0.11
6,71,6,6,0.1
2,34,4,8,0.1
13,129,10,17,0.09
3,32,3,3,0.09
2,42,4,5,0.09
2,17,2,3,0.09
14,153,13,6,0.09
2,29,3,3,0.08
1,32,4,6,0.08
0,7,1,0,0.08
6,96,8,10,0.08
15,139,10,5,0.08
2,41,3,2,0.07
1,18,2,4,0.07
36,346,24,11,0.07
12,91,7,6,0.06
4,73,5,6,0.06
31,400,26,18,0.05
0,9,1,0,0.05
34,400,28,19,0.05
12,136,11,8,0.05
10,182,8,4,0.05
3,62,5,3,0.04
2,31,3,4,0.04
5,68,6,6,0.04
4,43,5,6,0.04
2,18,2,0,0.04
16,120,10,5,0.04
5,34,3,1,0.04
10,77,7,6,0.04
6,39,4,3,0.04
5,79,5,3,0.04
17,181,14,7,0.04
0,7,1,0,0.04
34,338,20,8,0.04
29,257,22,10,0.03
9,131,8,5,0.03
26,400,20,5,0.03
12,177,10,6,0.03
11,193,9,5,0.03
23,283,14,11,0.03
3,58,4,0,0.03
33,400,26,4,0.03
36,323,24,8,0.03
13,149,11,3,0.02
9,111,11,3,0.02
5,66,5,5,0.02
6,75,6,4,0.02
34,400,30,8,0.02
17,121,10,3,0.02
31,400,22,11,0.02
2,39,2,3,0.02
1,15,2,1,0.02
1,16,2,5,0.02
24,306,22,15,0.02
15,139,13,8,0.02
42,400,27,4,0.02
7,69,7,9,0.02
7,55,5,2,0.02
31,253,18,14,0.02
23,174,15,11,0.02
23,187,16,6,0.02
6,34,4,2,0.02
4,63,4,5,0.02
9,91,7,2,0.02
11,89,7,0,0.02
16,157,12,9,0.5
0,24,1,8,0.47
5,45,4,8,0.43
0,12,1,3,0.42
0,23,1,8,0.4
0,22,2,8,0.38
1,19,2,4,0.37
0,17,2,4,0.36
1,21,2,2,0.34
1,35,2,6,0.32
0,5,1,2,0.32
12,161,11,13,0.26
0,7,1,2,0.26
0,56,1,12,0.24
3,60,4,6,0.22
2,55,5,9,0.21
1,21,2,4,0.2
2,31,2,4,0.2
3,56,3,8,0.19
0,11,1,2,0.18
10,96,8,9,0.17
27,300,23,22,0.14
9,66,4,8,0.14
0,6,1,1,0.13
8,93,6,6,0.13
5,54,5,5,0.12
10,97,8,3,0.12
33,261,18,14,0.1
0,29,4,1,0.1
20,205,15,13,0.09
26,265,19,7,0.08
3,44,4,7,0.08
2,23,2,2,0.08
35,400,29,12,0.07
2,35,4,3,0.07
43,400,31,9,0.06
21,204,17,7,0.06
5,71,6,6,0.06
3,48,5,4,0.06
1,26,3,1,0.06
9,110,10,9,0.05
21,170,14,9,0.05
11,135,13,12,0.05
24,160,12,11,0.05
10,81,6,2,0.05
21,158,12,2,0.04
3,36,4,6,0.04
9,93,6,6,0.04
4,58,5,1,0.04
3,21,2,1,0.04
34,400,23,6,0.04
8,85,5,2,0.04
14,233,13,3,0.04
0,16,1,0,0.03
15,400,6,10,0.03
11,126,8,3,0.03
35,400,25,9,0.03
0,42,1,1,0.03
8,131,9,5,0.03
37,400,22,4,0.03
0,29,1,1,0.03
31,382,20,9,0.03
0,41,1,0,0.03
0,49,1,1,0.02
20,220,15,5,0.02
0,49,1,1,0.02
3,56,3,1,0.02
5,154,5,5,0.02
26,236,15,6,0.02
6,141,5,3,0.02
0,225,1,4,0.02
24,400,15,7,0.02
7,400,6,4,0.02
0,122,1,2,0.02
6,400,4,7,0.02
18,388,12,7,0.02
12,400,7,3,0.02
0,111,1,0,0.02
17,148,9,2,0.02
0,17,1,2,0.02
0,129,1,1,0.02
10,155,6,4,0.02
10,139,8,2,0.02
1,122,4,3,0.02
28,400,15,1,0.02
10,199,6,2,0.02
3,140,5,2,0.02
0,139,1,2,0.01
18,400,10,1,0.01
17,182,11,4,0.01
16,400,13,3,0.01
22,400,16,7,0.01
38,400,24,3,0.01
26,391,15,2,0.01
13,308,9,4,0.01
5,85,4,4,0.01
2,42,4,0,0.01
13,342,12,5,0.01
12,239,9,4,0.01
10,204,7,3,0.01
7,65,4,2,0.5
0,13,1,4,0.49
0,22,3,5,0.46
0,47,2,10,0.42
0,17,1,6,0.4
0,9,1,1,0.4
2,57,4,15,0.36
0,34,1,6,0.34
0,23,1,5,0.32
4,65,3,13,0.29
5,42,3,8,0.27
2,24,3,5,0.26
2,60,5,9,0.24
3,28,3,5,0.23
0,25,1,4,0.22
0,26,1,5,0.22
3,26,2,1,0.21
0,5,1,2,0.21
0,9,1,1,0.21
5,38,3,6,0.2
23,280,16,22,0.15
0,10,1,2,0.15
1,107,4,10,0.14
6,72,7,3,0.14
0,11,1,1,0.13
0,17,2,5,0.13
4,66,5,8,0.13
2,22,2,5,0.12
0,18,1,3,0.12
11,114,7,8,0.11
0,5,1,1,0.11
0,13,1,2,0.11
13,150,10,5,0.1
28,388,20,24,0.08
13,117,9,11,0.08
0,26,1,1,0.08
26,237,16,5,0.07
20,198,17,9,0.07
0,40,1,4,0.07
1,72,4,3,0.06
1,27,2,3,0.06
0,19,1,4,0.06
6,171,6,2,0.06
0,28,1,1,0.06
1,20,2,4,0.06
10,78,5,0,0.06
4,99,5,6,0.06
31,400,20,12,0.05
15,177,12,10,0.05
3,40,3,4,0.05
30,285,17,8,0.04
10,192,9,7,0.04
25,376,21,9,0.04
14,396,9,10,0.04
25,271,16,6,0.03
32,371,23,8,0.03
18,262,11,11,0.03
15,112,7,4,0.03
2,23,2,4,0.03
0,75,1,4,0.03
24,360,14,6,0.03
8,242,7,8,0.03
28,338,19,6,0.03
33,400,22,9,0.02
33,329,21,8,0.02
22,305,13,1,0.02
23,331,12,9,0.02
17,400,12,1,0.02
18,379,13,6,0.02
2,72,3,2,0.02
10,99,5,3,0.02
9,322,6,5,0.02
23,375,13,1,0.02
0,55,1,3,0.02
32,318,19,6,0.02
15,266,12,6,0.02
34,400,19,5,0.02
1,19,2,4,0.02
3,71,4,3,0.02
37,400,22,5,0.02
9,251,9,5,0.01
30,400,21,8,0.01
14,400,12,8,0.01
32,400,19,2,0.01
25,400,19,4,0.01
0,5,1,0,0.01
20,400,10,4,0.01
23,400,16,3,0.01
11,235,7,1,0.01
19,400,12,3,0.01
8,142,9,5,0.01
30,400,22,4,0.01
14,399,9,3,0.01
13,138,8,0,0.01
31,400,22,1,0.01
27,400,19,1,0.01
5,161,4,2,0.01
27,331,19,2,0.01
21,219,13,2,0.01
23,278,14,4,0.01
29,400,17,2,0.5
0,8,1,3,0.49
0,10,1,2,0.47
0,19,2,7,0.45
1,26,2,3,0.43
0,6,1,1,0.42
2,34,3,9,0.39
1,39,2,9,0.36
0,10,1,1,0.36
1,82,7,25,0.3
0,30,1,4,0.29
8,80,6,12,0.27
7,76,6,5,0.25
0,21,3,6,0.24
14,196,13,16,0.2
30,400,29,18,0.15
2,44,3,3,0.14
3,37,3,2,0.14
38,400,25,27,0.11
35,299,20,8,0.1
11,151,10,3,0.09
8,80,5,4,0.09
10,108,7,5,0.08
37,388,26,17,0.07
31,314,20,13,0.06
25,239,17,7,0.06
35,400,22,11,0.05
4,58,5,3,0.05
22,400,18,10,0.05
4,77,5,3,0.05
0,5,1,0,0.04
15,400,15,8,0.04
23,400,16,5,0.04
0,113,1,2,0.04
30,229,16,5,0.04
0,56,1,1,0.04
37,400,24,5,0.03
18,242,10,8,0.03
26,400,19,3,0.03
15,258,11,6,0.03
12,292,13,3,0.03
33,299,21,3,0.03
6,400,5,3,0.03
26,400,19,5,0.03
0,276,1,7,0.03
19,400,12,11,0.02
2,189,2,6,0.02
37,400,23,4,0.02
3,56,2,2,0.02
10,210,10,4,0.02
36,400,24,5,0.02
31,400,22,5,0.02
0,13,1,2,0.02
17,400,11,3,0.02
37,400,29,5,0.02
23,400,18,5,0.02
33,371,20,2,0.02
23,246,15,1,0.02
25,220,17,3,0.02
8,91,7,0,0.02
2,45,4,1,0.02
7,99,7,6,0.02
31,332,24,8,0.02
25,400,23,9,0.01
17,261,14,3,0.01
4,77,4,4,0.01
19,400,15,11,0.01
15,360,19,7,0.01
13,197,13,5,0.01
33,339,22,9,0.01
9,105,6,4,0.01
20,177,12,4,0.01
30,400,24,13,0.01
40,400,29,6,0.01
11,98,9,3,0.01
41,400,27,7,0.01
41,400,29,11,0.01
6,57,4,1,0.01
23,225,13,5,0.01
3,45,4,4,0.01
11,130,9,5,0.01
1,23,2,2,0.01
13,195,11,1,0.01
16,179,13,6,0.01
20,170,11,2,0.01
45,400,32,11,0.01
32,216,18,7,0.01
20,200,14,2,0.01
23,358,19,4,0.01
22,273,17,6,0.01
38,400,30,9,0.01
42,400,28,9,0.01
2,27,2,3,0.01
1,19,2,2,0.01
27,400,21,10,0.01
31,400,22,9,0.01
34,400,29,6,0.01
29,400,22,10,0.01
31,400,24,7,0.01
5,107,5,2,0.01
6,88,5,0,0.5
0,15,1,4,0.48
7,114,9,15,0.39
3,49,3,8,0.35
0,18,2,5,0.33
1,30,3,5,0.32
0,5,1,1,0.31
0,27,2,4,0.3
0,8,1,1,0.29
9,84,6,6,0.28
8,74,6,13,0.25
2,20,2,3,0.24
1,23,2,1,0.24
6,70,5,8,0.23
0,18,1,3,0.22
11,103,6,11,0.2
2,35,2,8,0.19
0,15,2,4,0.19
0,7,1,1,0.19
12,167,10,13,0.16
19,235,15,12,0.14
1,13,2,3,0.14
0,7,1,1,0.14
2,18,2,3,0.13
0,7,1,1,0.13
7,75,6,5,0.13
21,203,14,15,0.11
13,141,10,6,0.11
24,289,21,15,0.09
10,141,9,11,0.09
2,42,5,4,0.09
5,90,6,6,0.08
1,21,2,6,0.08
10,87,7,3,0.08
32,400,24,11,0.07
30,400,20,16,0.06
1,25,2,3,0.06
2,45,2,4,0.06
27,400,23,11,0.05
15,213,14,5,0.05
2,36,2,4,0.05
20,205,12,2,0.05
25,267,14,7,0.05
8,130,10,7,0.04
6,58,4,1,0.04
23,198,13,1,0.04
4,52,4,2,0.04
7,104,8,6,0.04
18,258,18,6,0.04
0,17,1,2,0.04
0,10,1,1,0.04
20,162,11,1,0.04
35,400,27,7,0.04
10,99,9,2,0.03
30,383,26,5,0.03
32,400,25,7,0.03
23,272,15,6,0.03
27,400,20,7,0.03
6,103,7,4,0.03
13,167,8,6,0.03
42,400,26,3,0.02
17,400,16,4,0.02
2,25,2,1,0.02
9,110,7,8,0.02
5,94,4,3,0.02
32,352,24,7,0.02
12,247,13,6,0.02
2,31,3,1,0.02
19,151,10,1,0.02
20,234,10,8,0.02
6,229,6,2,0.02
15,162,10,2,0.02
31,400,24,10,0.02
1,86,4,4,0.02
8,105,6,4,0.02
17,113,7,2,0.02
17,171,10,6,0.02
29,400,21,7,0.02
30,400,19,3,0.02
1,92,6,5,0.02
2,30,3,3,0.02
5,115,6,7,0.02
21,217,13,7,0.02
0,51,1,3,0.02
28,299,21,4,0.02
7,75,5,4,0.02
6,74,7,0,0.02
35,400,22,7,0.01
22,194,17,2,0.01
36,395,26,3,0.01
0,11,1,1,0.01
38,366,28,7,0.01
30,303,21,6,0.01
15,143,10,2,0.01
29,233,20,13,0.01
15,144,11,4,0.01
25,236,17,2,0.01
20,228,15,3,0.01
0,9,1,2,0.01
19,248,16,6,0.01
41,342,27,11,0.5
0,6,1,2,0.49
6,85,8,14,0.41
0,5,1,1,0.41
0,17,2,4,0.39
0,13,1,4,0.38
3,56,4,10,0.35
1,32,3,7,0.33
5,65,4,7,0.31
3,59,5,14,0.28
6,75,7,13,0.26
0,11,1,1,0.26
9,94,7,12,0.22
2,41,3,4,0.21
7,54,5,4,0.2
10,106,9,11,0.18
10,77,5,6,0.17
9,95,7,8,0.16
28,260,20,13,0.14
11,67,7,4,0.13
1,19,2,4,0.13
2,24,2,7,0.12
5,85,5,11,0.11
4,55,5,1,0.11
5,59,7,12,0.11
16,92,9,9,0.1
6,32,3,4,0.1
2,41,5,6,0.1
8,68,7,11,0.1
2,23,3,3,0.1
19,207,22,15,0.09
13,125,12,11,0.08
9,110,11,9,0.08
4,37,4,3,0.08
8,87,9,3,0.08
29,330,23,18,0.07
34,400,38,16,0.06
13,155,14,4,0.06
39,400,35,22,0.05
32,377,30,20,0.05
5,51,4,3,0.05
5,43,4,4,0.05
2,54,6,5,0.04
6,70,5,2,0.04
8,85,8,8,0.04
24,268,19,9,0.04
3,27,3,1,0.04
11,110,10,8,0.04
5,75,7,6,0.04
16,140,12,3,0.04
15,116,10,2,0.04
29,247,24,13,0.03
29,278,22,12,0.03
0,7,1,3,0.03
7,67,5,7,0.03
1,21,2,4,0.03
12,121,10,6,0.03
20,161,14,8,0.03
19,188,13,7,0.03
1,23,3,5,0.03
7,52,5,3,0.03
10,91,9,7,0.03
30,288,26,14,0.03
23,181,14,4,0.03
27,288,23,14,0.03
3,43,4,7,0.03
39,342,24,15,0.03
13,194,15,5,0.03
3,48,5,4,0.03
14,119,13,8,0.02
6,68,7,5,0.02
20,175,16,5,0.02
11,97,10,9,0.02
10,83,7,10,0.02
2,19,2,3,0.02
15,122,11,7,0.02
16,123,11,5,0.02
1,27,3,4,0.02
33,261,21,11,0.02
4,42,5,4,0.02
44,400,30,13,0.02
20,192,13,9,0.02
12,97,10,6,0.02
2,28,3,3,0.02
26,240,20,9,0.02
18,157,14,9,0.02
2,43,4,2,0.02
2,45,5,3,0.02
6,74,6,2,0.02
2,31,3,2,0.02
4,58,4,4,0.02
3,37,4,5,0.02
10,86,6,4,0.02
10,80,6,4,0.02
12,138,12,2,0.02
5,55,5,7,0.02
3,45,3,2,0.02
28,259,25,9,0.02
1,16,2,5,0.02
0,22,3,6,0.02
12,117,11,4,0.5
2,35,3,8,0.48
0,10,1,4,0.46
0,16,1,4,0.45
6,68,5,18,0.39
0,10,1,4,0.38
1,21,2,2,0.37
0,7,1,3,0.37
0,8,1,4,0.36
0,23,1,4,0.35
7,111,7,16,0.29
2,29,2,5,0.28
1,51,4,10,0.25
13,218,16,22,0.19
3,55,3,3,0.19
2,20,2,5,0.18
0,28,2,3,0.18
19,184,12,17,0.15
3,39,3,3,0.14
21,262,21,11,0.12
1,26,2,3,0.12
2,26,2,5,0.12
1,31,3,3,0.12
1,28,3,6,0.11
18,222,15,11,0.1
11,87,6,12,0.1
7,76,6,8,0.1
9,75,6,6,0.09
36,372,30,20,0.08
26,222,18,19,0.07
13,212,14,13,0.07
9,66,7,9,0.06
0,10,1,3,0.06
8,83,8,5,0.06
5,52,5,6,0.06
9,69,6,8,0.06
14,154,15,11,0.06
11,96,7,8,0.06
12,110,11,7,0.05
10,109,9,11,0.05
38,330,30,21,0.05
0,21,2,2,0.05
31,362,34,18,0.05
6,61,6,1,0.04
40,308,23,14,0.04
13,103,10,11,0.04
1,17,2,4,0.04
27,267,21,9,0.04
2,45,4,4,0.04
5,65,6,8,0.04
3,40,4,3,0.04
11,130,11,6,0.04
6,61,4,3,0.04
4,53,5,5,0.04
32,283,23,9,0.03
3,30,3,4,0.03
8,62,5,4,0.03
3,46,5,3,0.03
0,7,1,0,0.03
18,148,14,7,0.03
2,27,3,2,0.03
23,202,17,12,0.03
8,55,6,3,0.03
2,27,4,4,0.03
5,82,8,8,0.03
4,42,4,7,0.03
23,209,18,17,0.03
23,203,17,13,0.03
15,170,14,3,0.03
5,63,6,5,0.03
32,297,23,11,0.03
14,151,12,7,0.03
19,170,13,8,0.03
14,122,10,8,0.03
40,400,28,16,0.02
6,70,7,1,0.02
1,17,2,5,0.02
20,189,14,1,0.02
37,300,21,3,0.02
3,50,3,3,0.02
40,400,30,4,0.02
24,400,19,8,0.02
5,71,5,4,0.02
21,400,13,5,0.02
0,11,1,1,0.02
27,400,21,4,0.02
27,400,13,1,0.02
2,32,3,2,0.02
28,393,15,3,0.02
0,63,3,0,0.02
4,400,3,3,0.02
2,75,2,2,0.02
8,153,5,0,0.02
11,198,11,2,0.02
17,208,10,4,0.02
3,68,4,3,0.02
8,147,6,3,0.02
28,400,22,4,0.01
40,400,30,2,0.01
3,62,4,1,0.01
42,400,32,8,0.5
0,13,1,6,0.48
2,25,2,7,0.45
2,25,2,6,0.43
0,27,1,8,0.41
2,72,5,9,0.36
2,47,4,10,0.33
2,52,4,6,0.3
0,9,1,2,0.3
8,87,6,11,0.26
0,24,1,4,0.25
0,20,2,2,0.25
1,23,3,6,0.24
6,94,9,6,0.22
0,19,1,2,0.21
9,107,7,11,0.19
10,124,10,13,0.17
0,28,1,5,0.16
7,147,6,12,0.14
16,175,11,9,0.13
4,56,4,9,0.12
4,211,6,13,0.1
27,300,19,12,0.09
0,15,1,1,0.09
8,70,5,5,0.09
4,66,3,4,0.08
14,126,10,6,0.08
13,127,8,8,0.08
20,142,10,8,0.07
10,90,7,2,0.07
5,66,6,5,0.07
9,124,6,2,0.07
12,132,9,3,0.06
7,92,9,4,0.06
23,307,21,9,0.05
21,163,13,4,0.05
19,214,14,5,0.05
4,46,4,4,0.05
2,57,4,2,0.05
31,400,25,9,0.04
23,259,14,5,0.04
24,267,13,5,0.04
11,103,9,8,0.04
5,66,6,4,0.04
26,284,17,7,0.04
12,118,7,6,0.03
10,137,8,7,0.03
40,339,26,13,0.03
16,123,10,1,0.03
22,400,14,6,0.03
30,400,18,6,0.03
0,9,1,0,0.03
22,202,12,2,0.03
0,56,1,0,0.03
10,260,8,4,0.03
23,270,13,6,0.03
25,400,24,9,0.02
36,318,24,4,0.02
11,131,10,2,0.02
4,30,3,3,0.02
8,99,6,3,0.02
23,198,12,6,0.02
26,400,23,8,0.02
13,197,10,3,0.02
46,400,30,6,0.02
44,400,29,7,0.02
38,400,28,4,0.02
2,32,4,2,0.02
4,48,3,0,0.02
47,400,31,12,0.02
7,68,6,3,0.02
34,364,25,6,0.02
43,400,29,6,0.02
12,137,9,3,0.02
4,30,3,0,0.02
9,87,7,1,0.02
29,400,19,3,0.02
30,238,15,3,0.02
27,245,14,3,0.02
23,250,21,4,0.02
25,400,18,1,0.02
42,372,25,4,0.01
12,146,10,1,0.01
30,400,26,9,0.01
12,215,12,0,0.01
7,74,6,2,0.01
18,137,9,1,0.01
37,400,24,4,0.01
29,289,20,1,0.01
32,300,18,6,0.01
22,324,16,6,0.01
38,400,28,4,0.01
9,79,4,0,0.01
30,288,20,4,0.01
19,400,15,4,0.01
13,121,9,1,0.01
37,400,28,5,0.01
28,226,16,4,0.01
4,236,7,1,0.01
25,342,21,5,0.01
27,283,16,4,0.5
0,9,1,0,0.49
0,8,1,3,0.47
1,32,2,10,0.43
0,38,1,4,0.41
0,45,2,10,0.37
0,20,1,3,0.35
0,26,1,3,0.34
0,5,1,2,0.33
6,103,5,13,0.29
15,202,8,27,0.24
0,13,1,3,0.23
20,227,15,21,0.19
0,15,1,5,0.18
0,7,1,3,0.18
2,64,2,15,0.17
0,12,1,3,0.16
1,31,2,5,0.16
7,181,6,10,0.14
5,105,5,6,0.14
2,116,2,15,0.12
0,53,1,3,0.12
22,216,14,11,0.1
21,284,16,15,0.09
23,257,15,13,0.08
0,7,1,2,0.08
31,400,21,17,0.07
2,104,5,7,0.07
1,94,2,4,0.06
25,267,13,5,0.06
24,183,12,8,0.06
0,113,1,6,0.05
0,27,1,1,0.05
0,7,1,0,0.05
16,192,12,8,0.05
0,22,1,3,0.05
4,81,4,4,0.05
8,150,6,6,0.05
1,165,3,6,0.05
24,400,20,10,0.04
0,148,1,4,0.04
6,232,9,7,0.04
23,187,14,4,0.04
33,400,24,9,0.03
4,92,7,4,0.03
3,133,3,5,0.03
35,398,21,11,0.03
12,130,7,4,0.03
8,115,8,4,0.03
31,264,20,9,0.03
30,295,22,6,0.03
39,324,25,12,0.03
7,71,5,5,0.03
19,176,13,7,0.03
7,94,8,4,0.03
21,133,10,6,0.03
4,63,4,1,0.03
5,52,5,5,0.03
11,105,8,4,0.03
32,232,16,6,0.02
6,75,6,5,0.02
24,400,17,6,0.02
3,53,4,5,0.02
3,39,3,2,0.02
6,87,7,4,0.02
17,157,11,1,0.02
0,155,1,3,0.02
2,19,2,3,0.02
23,218,13,3,0.02
9,213,7,2,0.02
30,400,20,4,0.02
1,35,2,3,0.02
5,97,5,2,0.02
42,400,28,4,0.02
0,16,2,1,0.02
0,31,1,2,0.02
0,9,1,2,0.02
14,172,9,2,0.02
4,78,4,3,0.02
45,368,27,5,0.02
3,30,3,3,0.02
44,383,31,7,0.02
34,400,26,10,0.02
0,11,1,1,0.02
15,143,13,4,0.02
1,28,4,5,0.02
12,89,7,4,0.02
18,179,12,3,0.02
6,76,5,1,0.02
40,347,26,7,0.02
19,173,15,6,0.01
3,56,4,2,0.01
10,127,8,2,0.01
7,164,7,5,0.01
35,400,30,3,0.01
1,25,2,4,0.01
7,76,5,2,0.01
0,51,1,3,0.01
11,343,7,1,0.01
11,314,12,2,0.01
15,171,11,3,0.5
0,27,1,6,0.47
0,21,1,3,0.46
0,40,1,6,0.43
1,54,3,10,0.39
1,49,3,6,0.36
0,10,1,2,0.36
0,8,1,4,0.35
0,17,1,3,0.34
0,20,1,3,0.33
0,9,1,5,0.32
1,19,2,3,0.32
4,56,3,6,0.3
0,5,1,3,0.29
2,34,3,5,0.28
0,29,3,6,0.27
2,47,3,5,0.26
0,14,1,3,0.25
0,9,1,1,0.24
6,57,4,4,0.23
3,38,3,8,0.21
4,103,8,9,0.2
4,36,4,3,0.19
4,133,8,14,0.17
0,19,1,3,0.17
3,30,3,5,0.16
1,19,2,3,0.16
0,13,1,3,0.16
1,19,2,2,0.15
9,137,9,6,0.14
1,27,3,4,0.13
2,37,4,8,0.13
1,52,5,3,0.12
9,57,4,5,0.12
8,159,7,9,0.11
24,218,18,13,0.1
9,99,10,8,0.1
7,79,6,7,0.09
10,90,6,9,0.09
4,50,5,3,0.09
1,25,2,2,0.09
7,61,4,4,0.09
16,192,13,11,0.08
2,46,4,3,0.08
20,221,13,8,0.07
1,51,3,5,0.07
24,195,15,10,0.07
8,92,7,3,0.07
34,328,27,15,0.06
28,279,19,12,0.06
4,33,3,3,0.05
2,24,2,1,0.05
7,92,8,2,0.05
12,97,7,9,0.05
40,270,19,7,0.05
8,86,8,6,0.05
13,94,9,3,0.05
35,344,29,15,0.04
14,164,11,5,0.04
2,57,4,4,0.04
0,9,1,2,0.04
11,85,8,3,0.04
5,53,5,0,0.04
34,400,29,17,0.04
17,152,14,5,0.04
28,203,18,6,0.04
8,81,6,6,0.04
4,63,3,6,0.04
18,178,14,7,0.03
35,400,25,6,0.03
4,107,8,4,0.03
2,24,2,0,0.03
0,13,1,1,0.03
7,72,6,5,0.03
6,69,6,3,0.03
23,225,16,4,0.03
0,14,1,3,0.03
40,400,20,8,0.03
36,367,23,7,0.03
0,93,1,3,0.03
11,234,6,3,0.03
12,400,8,3,0.02
25,400,18,8,0.02
6,400,9,6,0.02
0,140,1,4,0.02
0,49,1,1,0.02
9,400,5,4,0.02
17,400,11,4,0.02
28,400,19,1,0.02
0,400,0,3,0.02
4,158,3,4,0.02
31,400,20,4,0.02
23,400,18,8,0.02
0,25,1,0,0.02
21,327,16,2,0.02
3,178,5,2,0.02
13,225,14,3,0.02
29,265,15,3,0.02
23,212,18,5,0.02
6,51,4,2,0.02
36,400,28,5,0.5
0,13,1,5,0.48
0,26,2,7,0.45
0,5,1,1,0.45
0,17,1,3,0.43
0,7,1,2,0.42
0,28,1,6,0.4
0,7,1,2,0.39
4,64,5,12,0.35
13,156,11,15,0.27
0,18,2,7,0.26
1,19,2,5,0.25
5,89,6,8,0.23
0,5,1,2,0.23
0,22,1,2,0.22
0,5,1,2,0.22
0,55,3,7,0.2
4,42,3,3,0.19
2,62,3,8,0.18
1,21,2,2,0.18
0,7,1,1,0.18
0,13,1,0,0.18
0,10,1,1,0.17
0,47,1,1,0.17
5,74,6,7,0.16
0,39,1,5,0.15
1,35,2,4,0.15
10,163,11,9,0.13
0,26,1,1,0.13
7,133,9,6,0.12
0,22,1,2,0.12
0,50,1,3,0.11
33,400,20,16,0.09
31,400,20,9,0.08
5,55,3,3,0.08
0,9,1,1,0.08
10,82,7,4,0.07
1,26,2,5,0.07
1,74,2,4,0.07
19,178,12,6,0.07
11,96,7,5,0.06
1,25,2,2,0.06
6,71,6,3,0.06
30,300,18,10,0.06
35,400,24,13,0.05
0,13,1,3,0.05
7,102,7,4,0.05
5,209,9,11,0.05
13,107,9,3,0.05
24,400,17,9,0.04
15,247,15,9,0.04
26,288,18,3,0.04
4,83,4,4,0.04
20,188,13,0,0.04
19,295,14,3,0.03
32,327,19,10,0.03
15,127,10,0,0.03
34,400,20,4,0.03
22,253,17,6,0.03
36,400,27,4,0.03
25,400,14,3,0.03
5,400,3,2,0.03
24,400,16,12,0.02
17,289,13,6,0.02
26,400,13,2,0.02
9,103,7,4,0.02
18,290,13,2,0.02
7,248,7,5,0.02
10,80,6,1,0.02
29,400,18,5,0.02
0,17,1,3,0.02
22,170,12,5,0.02
7,83,5,3,0.02
9,72,6,0,0.02
0,5,1,3,0.02
2,30,3,4,0.02
11,142,8,4,0.02
29,343,19,4,0.02
24,250,12,6,0.02
28,400,22,12,0.02
14,121,8,1,0.02
28,305,18,3,0.02
6,55,4,1,0.02
3,86,4,1,0.02
5,65,4,3,0.02
4,56,5,1,0.02
2,70,4,4,0.02
14,163,8,1,0.02
6,65,5,2,0.02
5,137,5,5,0.01
12,176,6,2,0.01
5,90,5,2,0.01
14,234,12,0,0.01
14,400,9,5,0.01
6,151,6,0,0.01
9,194,5,2,0.01
14,141,7,3,0.01
31,400,16,3,0.01
0,31,1,1,0.01
0,151,1,3,0.01
13,400,12,1,0.5
0,13,1,2,0.49
0,35,2,12,0.44
0,11,1,0,0.43
0,66,2,12,0.39
4,104,5,20,0.31
0,19,1,4,0.3
5,110,5,7,0.25
14,325,17,20,0.18
1,44,4,9,0.17
0,13,1,3,0.17
2,112,4,6,0.16
0,7,1,2,0.15
5,63,4,8,0.14
0,43,1,4,0.14
0,32,2,3,0.13
1,21,2,1,0.13
22,400,16,20,0.11
0,27,1,2,0.11
8,113,7,8,0.1
6,63,4,4,0.1
14,126,8,6,0.1
4,85,5,10,0.09
1,21,2,3,0.09
0,21,1,2,0.09
9,95,6,3,0.08
0,5,1,3,0.08
6,67,5,4,0.08
8,94,7,5,0.08
4,21,2,5,0.08
1,89,2,8,0.08
8,104,8,6,0.07
7,102,8,4,0.07
0,24,2,2,0.07
24,253,17,8,0.07
8,94,7,4,0.06
5,81,6,5,0.06
10,67,6,2,0.06
3,46,5,3,0.06
11,70,5,7,0.06
4,49,4,5,0.06
25,250,18,12,0.05
0,5,1,3,0.05
42,400,30,27,0.05
15,147,10,6,0.05
3,55,4,4,0.05
4,42,4,1,0.05
7,115,9,3,0.05
24,210,15,4,0.04
5,96,5,5,0.04
4,43,3,2,0.04
21,222,12,5,0.04
1,58,2,0,0.04
1,87,2,5,0.04
8,91,6,4,0.04
5,115,6,1,0.04
4,42,4,3,0.04
24,400,15,6,0.04
4,98,4,1,0.04
0,9,1,2,0.04
2,44,4,6,0.03
16,234,9,4,0.03
29,340,21,13,0.03
20,220,15,5,0.03
10,101,7,2,0.03
6,96,7,5,0.03
8,89,4,4,0.03
32,389,23,4,0.03
9,128,8,5,0.03
7,77,6,1,0.03
7,65,5,3,0.03
33,400,24,5,0.02
0,5,1,2,0.02
25,269,21,10,0.02
11,155,8,4,0.02
0,5,1,3,0.02
2,73,3,2,0.02
5,95,6,1,0.02
28,331,19,5,0.02
8,91,6,2,0.02
8,239,7,6,0.02
26,219,18,1,0.02
7,62,5,2,0.02
28,400,18,3,0.02
32,243,17,6,0.02
8,135,7,1,0.02
19,178,15,3,0.02
27,400,17,3,0.02
15,245,11,4,0.02
10,119,8,2,0.02
6,84,3,0,0.02
40,343,23,6,0.02
41,400,26,2,0.02
27,400,19,6,0.02
0,9,1,0,0.02
16,292,11,2,0.02
8,120,8,0,0.01
22,400,18,4,0.01
6,90,4,0,0.01
6,115,6,3,0.01
23,400,19,6,0.5
0,11,1,4,0.49
1,24,2,6,0.46
1,26,3,4,0.44
1,23,2,7,0.42
1,28,2,5,0.4
1,21,2,7,0.38
0,5,1,2,0.37
0,48,1,16,0.34
0,6,1,3,0.33
0,13,2,2,0.32
2,20,2,3,0.32
0,7,1,3,0.32
0,11,1,3,0.31
1,16,2,2,0.3
1,17,2,3,0.29
3,56,4,8,0.27
2,33,3,8,0.26
0,5,1,2,0.26
2,27,3,3,0.25
0,21,1,4,0.25
0,9,1,1,0.24
0,13,1,2,0.24
3,67,6,6,0.22
4,61,5,3,0.21
1,37,2,1,0.2
3,53,5,6,0.19
0,19,2,2,0.19
0,9,1,2,0.19
2,20,2,4,0.18
10,146,10,15,0.16
3,53,4,14,0.15
20,230,13,12,0.13
5,52,4,4,0.12
20,177,12,9,0.11
18,400,14,12,0.09
2,34,2,5,0.09
7,58,4,4,0.09
43,400,28,12,0.08
21,252,12,5,0.07
0,43,1,3,0.07
16,176,10,3,0.07
17,146,10,5,0.06
12,156,11,4,0.06
0,8,1,0,0.06
31,400,24,12,0.06
24,257,17,7,0.05
18,400,11,4,0.05
1,26,2,3,0.05
24,233,15,3,0.05
2,36,2,4,0.05
39,400,32,12,0.04
0,45,1,0,0.04
0,27,1,4,0.04
23,236,17,6,0.04
29,318,22,3,0.04
0,10,1,2,0.04
22,230,14,7,0.04
36,400,25,5,0.03
35,400,28,9,0.03
17,215,14,4,0.03
15,152,13,12,0.03
41,400,27,14,0.03
0,14,1,4,0.03
23,253,18,3,0.03
4,42,3,1,0.03
15,213,13,4,0.02
44,400,28,5,0.02
13,112,9,1,0.02
0,17,1,3,0.02
28,291,20,3,0.02
1,29,2,0,0.02
37,400,26,3,0.02
40,400,30,8,0.02
11,135,7,0,0.02
0,144,3,4,0.02
6,79,5,2,0.02
15,127,10,1,0.02
13,122,8,2,0.02
29,325,17,4,0.02
17,400,18,0,0.02
7,161,5,3,0.02
0,19,1,3,0.02
11,400,10,4,0.02
35,400,22,7,0.02
27,349,18,4,0.02
18,339,14,1,0.02
10,117,5,0,0.02
18,261,12,1,0.02
2,71,2,4,0.01
24,400,18,3,0.01
15,400,11,2,0.01
20,400,16,2,0.01
0,122,1,1,0.01
6,96,4,0,0.01
7,285,8,2,0.01
20,400,13,5,0.01
17,297,12,0,0.01
25,400,14,7,0.01
14,400,9,9,0.01
10,133,8,5,0.5
1,43,2,11,0.46
1,39,2,11,0.42
0,39,3,6,0.39
7,110,5,18,0.33
11,111,7,7,0.29
0,9,1,3,0.29
2,48,4,6,0.27
1,36,2,5,0.26
16,178,12,18,0.21
4,73,7,6,0.19
2,20,2,1,0.19
18,140,9,7,0.17
2,36,3,5,0.17
0,29,2,4,0.16
1,19,2,1,0.16
0,54,1,7,0.15
0,30,1,1,0.15
0,14,1,1,0.15
6,105,9,10,0.13
3,35,4,4,0.13
0,5,1,2,0.13
4,44,4,5,0.12
6,50,4,8,0.11
7,105,9,5,0.11
1,19,2,4,0.1
5,65,5,4,0.1
4,57,6,6,0.1
1,20,2,3,0.1
3,54,4,8,0.09
2,32,4,3,0.09
0,5,1,1,0.09
12,96,10,10,0.09
6,49,5,4,0.08
0,5,1,1,0.08
8,65,6,8,0.08
23,190,17,15,0.07
0,31,3,3,0.07
13,161,12,10,0.07
2,32,4,7,0.07
15,195,20,14,0.07
0,5,1,1,0.07
5,83,10,15,0.06
1,20,2,2,0.06
23,236,22,14,0.06
9,129,12,19,0.06
0,21,3,1,0.06
0,22,3,5,0.06
5,74,7,10,0.05
22,194,19,11,0.05
3,35,4,6,0.05
1,20,2,2,0.05
5,51,5,4,0.05
3,43,5,3,0.05
1,24,3,3,0.05
2,19,2,4,0.05
11,109,10,8,0.04
2,38,4,7,0.04
3,39,5,8,0.04
41,400,40,31,0.04
1,21,2,4,0.04
6,50,5,3,0.04
18,138,13,15,0.04
5,52,6,6,0.04
17,176,17,18,0.04
1,16,2,4,0.04
0,5,1,2,0.04
13,100,9,7,0.04
12,86,7,7,0.04
7,47,4,2,0.03
28,300,27,19,0.03
5,78,8,7,0.03
5,81,8,3,0.03
39,375,32,18,0.03
40,400,33,20,0.03
4,40,4,3,0.03
2,36,4,6,0.03
24,220,18,9,0.03
7,59,6,4,0.03
17,143,13,6,0.03
18,154,13,12,0.03
10,80,7,4,0.03
11,70,6,4,0.03
9,119,11,11,0.03
15,138,13,10,0.03
23,178,18,7,0.02
19,146,13,7,0.02
23,175,12,9,0.02
0,5,1,3,0.02
10,79,7,4,0.02
34,327,27,11,0.02
3,54,5,3,0.02
12,146,9,8,0.02
5,59,6,3,0.02
0,5,1,3,0.02
41,400,30,10,0.02
7,81,5,1,0.02
2,35,3,3,0.02
23,183,15,4,0.02
0,28,1,3,0.02
41,400,30,5,0.5
0,16,1,4,0.48
0,5,1,2,0.48
0,15,2,7,0.45
0,21,1,5,0.42
0,5,1,1,0.41
7,70,4,10,0.37
2,53,3,8,0.34
2,55,5,8,0.31
1,24,2,3,0.3
1,25,2,4,0.29
2,24,3,7,0.28
0,5,1,2,0.27
0,9,1,0,0.27
2,35,3,1,0.26
0,12,1,4,0.26
3,43,4,5,0.24
10,96,7,11,0.22
1,18,2,5,0.22
1,21,2,5,0.21
2,19,2,5,0.21
4,60,5,10,0.2
1,26,2,3,0.19
0,20,3,5,0.19
7,107,8,7,0.18
6,67,6,10,0.17
2,28,3,0,0.17
4,61,6,5,0.16
1,31,2,4,0.15
7,72,6,9,0.14
4,48,4,6,0.14
15,200,12,16,0.12
3,32,2,3,0.12
4,72,5,6,0.11
3,32,3,6,0.11
11,142,11,13,0.1
1,15,2,2,0.1
3,40,3,3,0.1
19,222,17,10,0.09
42,400,33,27,0.07
11,143,10,11,0.07
8,77,6,5,0.07
35,400,29,23,0.06
10,115,10,12,0.06
37,336,28,17,0.05
3,33,3,3,0.05
14,161,14,16,0.05
14,144,13,8,0.05
45,400,34,22,0.04
1,20,2,4,0.04
23,223,21,14,0.04
10,101,10,9,0.04
3,41,3,6,0.04
24,186,17,10,0.04
3,53,5,4,0.04
42,400,31,21,0.04
16,114,9,4,0.04
33,313,24,16,0.03
25,228,17,14,0.03
1,15,2,2,0.03
23,190,16,10,0.03
1,26,3,1,0.03
41,400,34,15,0.03
12,98,8,6,0.03
3,53,4,4,0.03
9,73,6,2,0.03
35,240,20,8,0.03
46,400,32,7,0.03
1,19,2,4,0.03
20,185,14,2,0.02
7,72,6,5,0.02
2,19,2,4,0.02
18,188,17,11,0.02
3,30,3,5,0.02
8,77,6,4,0.02
10,84,7,1,0.02
20,140,11,10,0.02
4,33,3,4,0.02
41,400,33,16,0.02
2,48,5,4,0.02
31,400,27,15,0.02
9,99,7,5,0.02
37,365,31,16,0.02
3,37,4,4,0.02
1,20,2,4,0.02
40,400,34,12,0.02
37,258,20,4,0.02
42,400,34,16,0.02
1,18,2,3,0.02
18,198,19,15,0.02
9,70,6,3,0.02
27,319,33,12,0.02
14,143,15,13,0.02
8,72,7,2,0.02
41,400,35,15,0.02
10,115,11,8,0.02
0,30,4,3,0.02
32,290,24,2,0.02
25,283,21,10,0.02
39,344,25,6,0.01
40,400,31,13,0.5
1,37,4,6,0.46
2,29,2,8,0.43
0,7,1,1,0.42
1,36,2,5,0.39
1,31,3,1,0.38
0,36,3,7,0.35
0,10,1,3,0.34
5,78,6,11,0.31
3,35,3,3,0.3
4,55,3,5,0.28
3,21,2,5,0.27
2,16,2,3,0.26
0,39,2,10,0.24
4,61,5,5,0.23
0,9,1,1,0.23
2,20,2,4,0.22
0,8,1,0,0.22
13,115,8,13,0.2
0,16,2,4,0.19
4,36,3,6,0.19
0,42,3,8,0.18
0,6,1,0,0.18
2,21,2,6,0.17
0,21,1,4,0.17
1,20,2,3,0.16
14,121,9,12,0.15
1,25,3,4,0.15
4,75,5,6,0.14
6,72,6,5,0.13
28,354,23,20,0.1
19,236,14,9,0.09
0,27,1,2,0.09
31,330,23,13,0.08
0,6,1,0,0.08
5,51,4,6,0.08
8,103,7,3,0.07
2,20,2,4,0.07
13,169,16,1,0.07
15,170,13,8,0.06
13,121,10,8,0.06
2,37,3,4,0.06
13,172,16,3,0.06
36,334,27,18,0.05
4,62,6,2,0.05
0,19,2,4,0.05
23,193,14,2,0.05
33,400,29,6,0.04
30,301,22,9,0.04
37,340,27,12,0.04
1,19,2,4,0.04
11,95,8,2,0.04
6,83,6,3,0.04
28,266,19,3,0.04
46,400,27,8,0.04
9,131,12,5,0.03
35,368,24,9,0.03
28,400,16,8,0.03
31,400,21,6,0.03
12,82,6,3,0.03
41,400,28,5,0.03
17,290,10,7,0.02
36,400,22,4,0.02
38,400,23,3,0.02
24,369,17,2,0.02
28,400,18,3,0.02
5,65,4,0,0.02
0,69,1,1,0.02
29,400,21,1,0.02
30,285,18,2,0.02
9,100,5,2,0.02
0,51,1,4,0.02
3,39,3,0,0.02
36,400,19,4,0.02
45,400,28,2,0.02
30,400,22,2,0.02
27,280,13,5,0.02
7,129,7,3,0.02
26,400,15,4,0.02
16,145,8,2,0.02
19,152,11,4,0.01
32,361,23,6,0.01
38,400,30,4,0.01
38,400,28,9,0.01
36,365,22,1,0.01
30,281,22,8,0.01
41,400,30,15,0.01
6,74,5,3,0.01
48,400,33,3,0.01
5,56,5,1,0.01
24,260,17,8,0.01
23,150,11,0,0.01
20,162,11,2,0.01
46,400,30,0,0.01
12,129,10,1,0.01
31,400,24,6,0.01
22,229,18,5,0.01
30,294,20,4,0.01
41,400,25,4,0.01
15,400,13,3,0.01
7,110,8,3,0.5
0,9,1,3,0.49
0,30,3,6,0.45
5,78,5,21,0.38
1,28,2,6,0.36
0,15,1,4,0.35
0,14,1,4,0.34
0,5,1,2,0.33
0,39,1,5,0.32
1,59,4,6,0.29
0,36,1,7,0.28
1,29,2,6,0.26
3,64,3,7,0.25
9,93,8,15,0.22
2,44,5,7,0.21
0,42,4,3,0.2
8,92,6,10,0.18
16,240,15,19,0.14
2,71,3,9,0.13
12,96,8,5,0.13
19,212,17,6,0.12
6,64,5,8,0.11
3,59,3,3,0.11
37,400,27,31,0.09
2,25,3,3,0.09
15,135,12,7,0.08
39,400,32,19,0.07
8,123,9,8,0.07
3,58,6,7,0.07
0,13,1,0,0.07
8,78,8,8,0.07
4,42,3,1,0.06
25,248,17,12,0.06
1,20,2,5,0.06
4,32,3,4,0.06
5,44,4,1,0.06
5,50,5,3,0.06
1,17,2,3,0.06
17,172,12,5,0.05
27,264,21,7,0.05
3,66,4,4,0.05
1,30,2,2,0.05
6,73,5,5,0.05
18,224,12,9,0.04
2,23,2,2,0.04
25,185,13,5,0.04
0,9,1,1,0.04
1,53,2,6,0.04
19,150,11,3,0.04
20,235,16,8,0.04
19,172,13,7,0.04
29,234,20,7,0.04
23,311,21,9,0.03
0,28,1,0,0.03
32,274,20,3,0.03
37,400,30,8,0.03
1,26,2,4,0.03
18,226,17,4,0.03
32,272,20,3,0.03
39,400,29,11,0.03
37,400,27,11,0.03
0,9,1,1,0.03
9,81,7,0,0.03
39,400,25,8,0.02
12,147,9,3,0.02
9,66,5,3,0.02
22,261,16,6,0.02
33,400,23,5,0.02
35,400,24,4,0.02
14,127,10,3,0.02
37,400,29,4,0.02
41,375,26,3,0.02
11,113,7,2,0.02
36,400,18,5,0.02
14,125,8,3,0.02
11,193,15,6,0.02
37,400,25,6,0.02
35,400,20,7,0.02
39,400,25,7,0.02
8,97,6,5,0.01
43,400,27,4,0.01
4,39,3,1,0.01
7,94,5,0,0.01
1,31,3,2,0.01
25,400,18,9,0.01
31,400,21,2,0.01
9,95,7,0,0.01
14,163,7,2,0.01
2,24,2,0,0.01
12,106,8,1,0.01
29,400,19,2,0.01
26,244,12,2,0.01
9,108,7,1,0.01
34,367,26,8,0.01
5,86,6,2,0.01
41,400,29,6,0.01
7,400,9,2,0.01
38,400,23,7,0.01
30,267,20,4,0.01
11,78,7,2,0.01
17,201,13,4,0.5
0,5,1,3,0.5
0,8,1,4,0.48
0,7,1,2,0.47
0,26,1,12,0.44
3,30,2,9,0.41
2,55,5,8,0.37
3,59,4,6,0.33
0,42,1,6,0.31
0,18,1,6,0.3
1,29,2,5,0.29
1,66,3,9,0.27
14,148,7,14,0.23
17,187,10,12,0.19
0,10,1,2,0.19
4,114,6,14,0.17
0,5,1,3,0.17
2,20,2,3,0.16
18,189,14,11,0.14
0,61,3,3,0.13
5,52,3,0,0.12
10,227,6,12,0.11
1,57,4,4,0.11
0,68,1,6,0.1
26,400,20,16,0.09
1,50,3,7,0.08
30,400,20,17,0.07
2,17,2,3,0.07
39,400,22,5,0.06
9,162,6,6,0.06
27,270,17,10,0.06
0,45,3,3,0.05
3,44,3,4,0.05
12,170,8,2,0.05
12,177,9,1,0.05
5,39,4,2,0.05
14,133,9,5,0.05
11,159,9,5,0.04
8,118,8,4,0.04
18,186,15,4,0.04
1,50,2,2,0.04
8,105,6,7,0.04
2,32,2,2,0.04
2,23,2,3,0.04
25,293,21,10,0.04
2,26,3,0,0.04
2,43,3,3,0.04
39,321,26,9,0.03
14,112,11,2,0.03
6,87,7,3,0.03
16,147,9,2,0.03
28,260,19,6,0.03
23,238,17,7,0.03
1,65,3,1,0.03
13,132,10,6,0.03
26,304,21,10,0.03
2,42,4,3,0.03
9,133,7,2,0.03
6,70,5,2,0.03
25,304,21,6,0.02
33,375,22,5,0.02
19,168,10,1,0.02
16,214,14,5,0.02
3,51,3,4,0.02
24,270,19,3,0.02
35,388,23,5,0.02
15,127,11,8,0.02
21,209,13,1,0.02
8,74,6,2,0.02
14,149,13,0,0.02
6,44,5,5,0.02
2,27,2,1,0.02
22,281,21,10,0.02
43,386,28,9,0.02
40,400,27,6,0.02
1,42,2,2,0.02
3,38,3,1,0.02
36,400,30,12,0.02
5,76,6,6,0.02
21,400,12,4,0.02
34,400,23,5,0.02
14,150,10,4,0.02
40,400,26,5,0.01
34,400,24,1,0.01
26,400,18,6,0.01
9,102,6,2,0.01
14,128,7,2,0.01
27,400,18,3,0.01
7,61,5,3,0.01
9,118,6,2,0.01
8,101,6,2,0.01
23,400,17,5,0.01
37,400,25,7,0.01
4,26,2,3,0.01
34,361,22,1,0.01
9,88,6,3,0.01
1,24,2,3,0.01
6,70,5,4,0.01
33,400,22,2,0.01
31,365,21,9,0.01
5,56,5,0,0.5
0,30,1,9,0.47
1,32,3,5,0.44
0,18,1,7,0.41
8,104,6,13,0.35
2,30,3,5,0.33
0,28,1,7,0.31
0,20,2,4,0.3
0,10,1,2,0.3
2,43,3,4,0.28
4,44,3,8,0.26
2,33,3,5,0.25
5,63,5,6,0.23
2,46,4,2,0.22
1,37,2,4,0.21
2,19,2,3,0.2
3,42,4,7,0.2
1,40,2,6,0.19
4,45,5,11,0.18
2,37,4,7,0.17
6,62,5,6,0.16
0,9,1,0,0.16
6,58,4,6,0.16
25,227,14,13,0.14
8,55,5,6,0.14
2,27,3,4,0.13
1,27,2,3,0.13
4,52,4,4,0.12
6,65,6,4,0.12
1,31,2,6,0.12
17,189,13,15,0.1
16,166,9,4,0.1
17,300,21,12,0.08
15,128,9,6,0.08
4,62,4,5,0.08
8,157,6,3,0.07
0,24,1,3,0.07
17,204,13,8,0.06
13,158,8,8,0.06
5,51,5,0,0.06
5,73,5,3,0.06
0,15,1,2,0.06
0,5,1,0,0.06
39,400,30,8,0.05
8,88,7,1,0.05
37,400,24,9,0.05
20,153,13,6,0.05
3,35,3,0,0.04
8,128,5,3,0.04
1,47,2,2,0.04
7,81,5,5,0.04
29,300,20,4,0.04
1,41,3,2,0.04
5,56,4,2,0.04
14,186,12,4,0.04
31,400,23,7,0.03
0,22,1,2,0.03
13,209,8,3,0.03
14,135,10,3,0.03
24,400,20,9,0.03
15,253,16,6,0.03
4,50,3,0,0.03
12,126,10,4,0.03
28,283,17,8,0.03
40,400,24,7,0.03
9,92,7,1,0.03
0,45,1,3,0.03
1,21,2,3,0.03
2,32,3,1,0.03
20,187,13,6,0.03
31,355,16,3,0.02
0,16,1,2,0.02
3,222,4,1,0.02
0,40,2,4,0.02
11,168,8,4,0.02
12,141,10,4,0.02
25,400,17,6,0.02
10,130,6,2,0.02
13,131,8,1,0.02
2,123,7,2,0.02
26,400,16,5,0.02
14,283,15,5,0.02
18,145,13,4,0.02
12,108,6,1,0.02
28,299,22,4,0.02
5,51,4,1,0.02
21,244,13,5,0.02
1,25,2,2,0.02
25,200,15,8,0.02
16,155,13,4,0.02
16,163,10,2,0.02
19,151,10,8,0.02
31,263,19,7,0.02
11,79,7,5,0.02
11,114,9,4,0.02
22,259,19,6,0.02
8,95,9,3,0.02
4,68,5,6,0.02
15,153,11,3,0.02
25,260,20,14,0.02
0,5,1,2,0.5
0,12,1,5,0.48
3,42,3,8,0.45
0,14,1,3,0.44
2,22,2,4,0.42
0,8,1,1,0.41
5,63,5,12,0.37
0,23,1,8,0.35
0,7,1,2,0.35
2,37,3,6,0.33
0,5,1,2,0.32
2,31,3,6,0.31
0,9,1,4,0.3
3,42,4,10,0.28
1,17,2,4,0.28
0,10,1,1,0.28
1,16,2,4,0.27
15,191,13,14,0.22
3,83,5,9,0.21
3,42,3,4,0.2
0,22,1,6,0.19
12,118,8,11,0.17
0,16,2,2,0.17
12,203,9,15,0.14
0,5,1,1,0.14
0,16,1,3,0.14
26,249,13,15,0.12
1,37,4,5,0.12
2,25,2,6,0.11
2,42,4,2,0.11
4,144,6,9,0.1
3,56,4,3,0.1
13,267,12,12,0.08
17,400,11,13,0.07
0,97,1,4,0.07
19,263,15,8,0.06
27,313,19,6,0.06
32,400,17,11,0.05
14,234,9,1,0.05
24,400,10,3,0.05
10,400,9,2,0.04
7,71,6,1,0.04
36,400,24,7,0.04
9,88,7,4,0.04
16,164,12,5,0.04
4,70,4,2,0.04
17,99,7,0,0.04
23,240,12,4,0.04
35,400,24,6,0.03
9,104,7,1,0.03
4,121,4,1,0.03
11,131,7,1,0.03
21,400,18,5,0.03
23,400,18,8,0.03
8,105,9,5,0.03
36,400,22,2,0.03
29,400,21,2,0.03
4,101,8,2,0.03
42,400,26,7,0.02
39,400,23,6,0.02
28,400,24,5,0.02
2,94,5,5,0.02
35,400,21,4,0.02
1,44,2,4,0.02
11,175,8,1,0.02
37,400,27,3,0.02
20,260,14,2,0.02
36,400,22,4,0.02
36,400,20,2,0.02
13,231,8,3,0.02
24,334,16,5,0.02
41,400,29,2,0.02
16,400,10,3,0.02
1,36,2,3,0.02
34,400,20,7,0.02
0,11,1,3,0.02
32,400,22,5,0.01
32,388,22,4,0.01
23,172,11,4,0.01
11,135,12,3,0.01
0,5,1,3,0.01
0,5,1,2,0.01
7,61,5,6,0.01
0,9,1,1,0.01
31,378,24,5,0.01
29,400,20,3,0.01
0,12,1,1,0.01
2,38,3,2,0.01
26,400,22,5,0.01
1,117,2,4,0.01
7,400,7,2,0.01
27,400,16,10,0.01
18,400,13,3,0.01
0,37,1,1,0.01
14,400,12,3,0.01
1,79,4,1,0.01
14,400,10,6,0.01
24,400,13,2,0.01
29,400,16,2,0.01
11,141,8,2,0.01
32,400,18,6,0.5
0,23,1,10,0.47
0,8,1,3,0.46
0,6,1,4,0.45
0,40,1,6,0.42
0,6,1,3,0.41
1,28,2,8,0.4
0,23,1,6,0.37
1,26,3,4,0.36
0,9,1,2,0.35
0,24,1,3,0.34
6,81,6,7,0.32
0,33,2,8,0.3
1,59,3,11,0.28
0,39,1,6,0.26
9,137,7,18,0.23
0,43,2,4,0.22
9,101,6,7,0.2
2,29,2,7,0.19
8,96,6,7,0.17
1,47,2,8,0.16
5,119,4,6,0.14
8,154,6,9,0.13
22,400,22,21,0.11
1,83,2,6,0.1
9,100,5,7,0.1
1,212,2,19,0.09
19,345,16,17,0.08
32,388,23,12,0.07
17,400,13,17,0.06
23,400,12,6,0.05
26,368,15,7,0.05
11,134,9,3,0.05
27,400,15,10,0.04
0,5,1,3,0.04
1,57,2,2,0.04
38,400,26,10,0.04
0,80,3,4,0.04
5,84,7,5,0.04
0,39,2,0,0.04
9,154,8,4,0.04
13,237,9,4,0.03
37,400,19,8,0.03
3,54,2,3,0.03
17,400,13,8,0.03
8,102,6,3,0.03
21,400,10,5,0.03
10,400,9,6,0.03
30,355,20,3,0.02
11,400,9,1,0.02
6,400,4,5,0.02
14,214,9,4,0.02
13,122,7,7,0.02
7,400,6,10,0.02
2,30,2,0,0.02
0,58,1,2,0.02
26,400,18,5,0.02
27,400,17,6,0.02
16,319,14,5,0.02
36,400,23,5,0.02
3,130,4,3,0.02
7,151,6,5,0.02
18,269,14,3,0.02
17,274,11,5,0.02
35,400,25,5,0.02
29,400,18,4,0.02
23,400,16,9,0.02
25,290,16,5,0.02
9,97,5,2,0.02
24,314,18,2,0.02
18,221,14,1,0.02
0,9,1,2,0.02
12,139,6,0,0.02
17,120,10,1,0.01
18,176,9,7,0.01
29,400,20,2,0.01
41,400,26,3,0.01
21,400,12,1,0.01
27,307,19,4,0.01
0,31,1,2,0.01
3,41,3,3,0.01
9,66,6,1,0.01
14,400,11,2,0.01
0,85,1,1,0.01
11,121,9,0,0.01
15,161,8,1,0.01
21,400,16,4,0.01
32,400,17,4,0.01
8,400,4,2,0.01
27,400,20,4,0.01
19,400,12,1,0.01
23,400,13,4,0.01
12,170,9,6,0.01
5,145,4,4,0.01
8,400,6,4,0.01
5,101,5,0,0.01
21,311,16,3,0.01
24,400,14,7,0.01
19,185,12,2,0.01
34,400,18,4,0.01
25,400,15,2,0.5
0,36,1,2,0.48
1,23,2,4,0.46
1,90,3,15,0.39
0,8,1,2,0.38
0,48,3,9,0.35
0,23,1,3,0.34
2,20,3,5,0.33
0,33,1,5,0.31
0,11,1,4,0.3
2,55,2,7,0.29
10,261,10,27,0.21
1,44,3,6,0.2
1,37,2,4,0.19
0,78,1,10,0.17
0,46,1,4,0.17
13,238,11,13,0.14
8,126,6,14,0.12
0,5,1,2,0.12
0,91,1,3,0.12
0,40,1,2,0.11
1,86,3,4,0.11
0,48,1,7,0.1
33,378,18,16,0.08
27,272,16,11,0.08
8,400,7,11,0.07
27,333,19,8,0.06
0,7,1,0,0.06
1,43,2,3,0.06
21,389,13,10,0.05
31,400,18,12,0.05
0,64,1,3,0.05
0,32,1,2,0.05
22,400,14,7,0.04
0,8,1,4,0.04
11,400,6,7,0.04
16,258,11,6,0.04
20,400,14,6,0.03
0,32,1,4,0.03
14,400,10,4,0.03
0,43,1,3,0.03
1,29,2,1,0.03
33,400,21,2,0.03
17,400,14,2,0.03
27,400,21,8,0.03
7,190,7,6,0.03
20,400,14,4,0.02
34,400,17,6,0.02
1,51,3,3,0.02
15,170,12,1,0.02
33,365,19,5,0.02
28,400,14,5,0.02
5,53,3,1,0.02
11,133,11,1,0.02
30,400,19,4,0.02
7,72,5,5,0.02
12,67,5,0,0.02
28,400,23,10,0.02
32,400,21,5,0.02
26,400,17,7,0.02
11,117,8,2,0.02
5,68,5,0,0.02
12,367,8,4,0.02
15,121,7,4,0.02
12,106,6,1,0.02
33,400,19,2,0.01
17,400,13,3,0.01
33,400,14,2,0.01
0,23,1,3,0.01
15,223,8,1,0.01
6,313,7,2,0.01
28,400,16,2,0.01
2,99,4,1,0.01
0,219,2,4,0.01
28,400,13,3,0.01
20,400,12,3,0.01
15,400,9,2,0.01
43,400,20,4,0.01
2,31,2,3,0.01
18,400,12,2,0.01
1,24,2,2,0.01
12,400,9,5,0.01
28,400,18,4,0.01
12,400,10,3,0.01
1,62,2,5,0.01
0,141,1,3,0.01
25,400,16,7,0.01
0,50,1,2,0.01
25,400,14,2,0.01
17,400,10,2,0.01
19,400,13,6,0.01
0,400,1,3,0.01
11,400,6,3,0.01
10,375,7,2,0.01
29,394,17,3,0.01
9,400,6,2,0.01
5,400,3,2,0.01
11,152,8,0,0.01
0,35,1,3,0.01
9,400,3,0,0.01
15,400,8,4,0.5
0,13,1,4,0.48
1,52,3,8,0.44
2,45,2,4,0.41
1,75,3,16,0.35
0,5,1,3,0.35
3,46,3,10,0.31
1,42,2,4,0.29
6,124,6,13,0.25
4,105,7,10,0.22
0,15,1,4,0.21
2,31,2,6,0.2
4,85,5,8,0.18
0,45,3,8,0.17
17,209,13,14,0.14
32,400,24,17,0.11
0,5,1,2,0.11
1,45,2,5,0.11
38,400,26,12,0.09
5,73,4,5,0.09
2,41,4,4,0.09
12,125,9,7,0.08
0,6,1,0,0.08
22,221,17,6,0.07
9,69,5,5,0.07
36,387,33,22,0.06
30,400,23,12,0.06
9,98,6,3,0.05
37,378,28,10,0.05
44,400,31,10,0.05
35,400,27,9,0.04
35,362,25,9,0.04
28,400,19,12,0.04
14,130,10,1,0.04
33,400,29,7,0.03
37,400,25,11,0.03
17,161,12,4,0.03
32,400,25,9,0.03
37,400,24,3,0.03
19,224,14,3,0.03
25,227,16,3,0.03
2,18,2,3,0.03
34,285,23,5,0.03
29,304,19,6,0.02
35,400,21,16,0.02
31,400,21,4,0.02
23,281,15,5,0.02
0,36,1,3,0.02
40,400,28,11,0.02
6,52,5,3,0.02
7,76,5,5,0.02
6,63,6,2,0.02
15,179,15,6,0.02
0,15,1,2,0.02
41,400,28,8,0.02
13,110,10,2,0.02
11,114,8,7,0.02
22,243,14,5,0.02
38,400,23,2,0.02
35,400,25,0,0.02
21,219,15,3,0.02
23,149,12,4,0.02
33,400,29,9,0.02
35,400,28,6,0.02
34,400,21,7,0.01
33,400,26,6,0.01
9,84,6,5,0.01
7,113,7,6,0.01
35,400,30,4,0.01
13,118,7,4,0.01
16,118,9,4,0.01
1,33,2,5,0.01
43,400,32,5,0.01
21,303,15,3,0.01
31,400,21,14,0.01
25,400,14,3,0.01
31,342,18,2,0.01
10,122,9,4,0.01
22,229,10,4,0.01
17,244,12,4,0.01
40,400,21,0,0.01
30,400,21,4,0.01
13,279,13,6,0.01
11,200,8,4,0.01
32,319,14,5,0.01
1,45,2,4,0.01
9,119,7,3,0.01
12,191,11,8,0.01
31,400,23,6,0.01
27,400,24,6,0.01
23,179,13,4,0.01
14,193,10,1,0.01
18,190,11,8,0.01
42,400,27,5,0.01
24,400,14,3,0.01
23,255,14,1,0.01
6,182,10,1,0.01
0,41,1,3,0.01
2,117,4,4,0.01
42,329,25,7,0.01
47,400,30,3,0.5
2,44,2,14,0.44
0,15,1,4,0.43
0,7,1,3,0.42
0,9,1,3,0.41
0,5,1,3,0.41
3,66,6,6,0.37
1,29,2,6,0.35
0,9,1,2,0.34
0,5,1,2,0.34
1,37,3,10,0.32
1,33,3,3,0.31
6,98,8,10,0.27
3,49,4,6,0.26
17,217,12,12,0.2
2,37,3,3,0.2
0,15,1,2,0.2
18,189,12,14,0.17
30,289,21,13,0.14
20,188,12,22,0.13
13,125,9,12,0.11
18,173,11,6,0.1
10,90,8,5,0.1
12,99,7,7,0.09
42,400,31,20,0.08
0,15,1,4,0.08
0,8,1,0,0.08
5,58,4,3,0.08
8,80,6,2,0.08
11,104,9,6,0.07
38,400,33,22,0.06
12,140,11,4,0.06
6,65,5,3,0.06
10,123,10,12,0.06
0,15,1,2,0.06
38,326,30,16,0.05
6,47,4,5,0.05
18,174,15,10,0.05
14,153,12,6,0.05
1,23,2,2,0.05
28,312,20,3,0.04
28,333,20,8,0.04
16,149,10,1,0.04
0,40,2,2,0.04
5,84,3,3,0.04
9,152,9,3,0.04
2,44,2,4,0.04
5,80,5,5,0.04
1,33,2,3,0.04
1,23,3,4,0.04
1,22,2,4,0.04
26,400,23,10,0.03
22,208,16,8,0.03
36,400,27,7,0.03
12,125,10,7,0.03
39,400,27,7,0.03
2,53,5,2,0.03
4,50,5,3,0.03
39,400,27,3,0.03
43,400,29,4,0.03
25,269,13,6,0.02
31,400,22,9,0.02
41,400,28,6,0.02
6,79,6,5,0.02
37,400,23,4,0.02
15,160,10,2,0.02
34,377,28,6,0.02
41,378,25,4,0.02
7,138,6,3,0.02
25,249,19,3,0.02
21,204,12,5,0.02
12,144,11,3,0.02
11,91,7,1,0.02
41,400,31,8,0.02
34,400,25,6,0.02
27,275,22,10,0.02
13,150,13,3,0.02
2,16,2,4,0.02
9,105,8,2,0.02
24,229,16,7,0.02
5,117,6,2,0.02
2,31,3,0,0.02
34,400,29,11,0.02
25,400,16,5,0.02
15,177,11,3,0.02
36,395,23,5,0.01
42,400,24,5,0.01
0,11,1,2,0.01
6,56,4,3,0.01
37,400,26,7,0.01
1,19,2,4,0.01
43,400,29,6,0.01
1,21,2,5,0.01
33,246,19,4,0.01
32,400,22,7,0.01
10,191,9,3,0.01
38,400,22,6,0.01
25,324,18,2,0.01
37,400,21,3,0.01
1,17,2,4,0.01
35,400,26,7,0.5
0,10,1,4,0.49
0,9,1,4,0.47
1,55,3,13,0.43
8,83,5,11,0.37
0,33,1,3,0.36
3,18,2,2,0.35
4,73,6,11,0.31
1,36,4,4,0.29
6,114,6,15,0.25
23,313,21,22,0.18
2,40,3,8,0.17
0,9,1,2,0.17
3,79,4,10,0.16
12,246,10,16,0.14
37,364,24,14,0.11
18,303,12,13,0.1
12,94,6,2,0.09
0,166,1,9,0.09
7,90,7,6,0.08
15,252,14,17,0.07
5,48,4,3,0.07
26,400,18,6,0.06
30,257,18,8,0.06
31,400,23,10,0.05
7,91,5,4,0.05
17,221,13,12,0.05
44,400,27,10,0.04
30,400,23,6,0.04
1,19,2,3,0.04
6,71,6,5,0.04
32,292,20,15,0.04
33,400,25,13,0.03
0,20,3,3,0.03
35,400,23,7,0.03
15,121,9,4,0.03
33,400,25,3,0.03
20,264,16,5,0.03
15,174,12,7,0.03
5,61,5,3,0.03
35,400,20,6,0.03
7,135,6,7,0.03
26,365,17,5,0.02
17,335,11,2,0.02
19,219,8,5,0.02
1,92,4,4,0.02
19,210,10,5,0.02
23,194,14,1,0.02
25,400,16,4,0.02
27,232,17,2,0.02
36,400,26,10,0.02
33,400,21,4,0.02
29,308,19,7,0.02
28,400,20,9,0.02
12,131,9,1,0.02
22,261,15,4,0.02
0,34,1,1,0.02
28,400,22,5,0.02
37,347,25,3,0.02
30,279,16,6,0.02
2,65,4,2,0.02
32,400,26,3,0.01
38,400,21,5,0.01
30,334,21,5,0.01
39,400,29,9,0.01
29,400,20,3,0.01
0,84,1,3,0.01
39,363,25,5,0.01
24,400,22,3,0.01
41,400,29,4,0.01
0,7,1,3,0.01
32,400,22,6,0.01
13,154,11,1,0.01
34,400,21,6,0.01
25,309,18,10,0.01
2,41,3,2,0.01
16,192,13,2,0.01
41,400,30,7,0.01
6,89,6,5,0.01
43,400,26,6,0.01
45,400,31,7,0.01
15,99,8,1,0.01
39,400,21,3,0.01
24,208,16,4,0.01
22,195,16,4,0.01
39,400,27,10,0.01
1,17,2,2,0.01
15,149,9,1,0.01
38,400,25,6,0.01
37,400,24,3,0.01
42,400,31,6,0.01
2,55,5,5,0.01
48,400,30,6,0.01
28,268,20,2,0.01
32,400,18,5,0.01
34,400,24,5,0.01
23,286,13,6,0.01
44,400,29,7,0.01
37,400,23,6,0.01
20,197,13,4,0.01
29,308,20,5,0.5
3,56,4,6,0.45
0,9,1,1,0.44
9,148,13,22,0.32
0,26,3,4,0.31
0,5,1,3,0.31
0,6,1,3,0.3
2,18,2,3,0.3
1,40,2,4,0.28
3,41,4,5,0.26
2,77,5,12,0.24
5,75,6,10,0.22
1,22,2,0,0.22
0,13,1,4,0.21
2,17,2,3,0.21
1,44,3,2,0.2
0,28,3,6,0.19
5,59,5,4,0.19
0,41,2,2,0.18
1,19,2,3,0.18
6,60,4,8,0.17
0,26,1,2,0.16
2,40,2,11,0.15
19,155,10,6,0.13
2,95,4,11,0.13
0,9,1,0,0.13
0,11,1,3,0.12
3,28,2,2,0.12
28,345,22,12,0.1
35,400,25,14,0.09
4,155,8,8,0.08
0,5,1,3,0.08
19,222,14,8,0.08
0,62,2,4,0.07
4,86,6,8,0.07
23,400,16,14,0.06
32,400,25,15,0.06
17,168,11,5,0.05
0,9,1,3,0.05
0,38,1,2,0.05
13,109,8,2,0.05
25,400,14,5,0.05
38,400,29,20,0.04
24,214,13,6,0.04
27,326,20,9,0.04
45,400,28,7,0.04
5,53,4,4,0.04
26,285,20,10,0.03
28,296,21,3,0.03
37,400,28,10,0.03
5,75,6,1,0.03
38,400,26,5,0.03
7,81,8,1,0.03
12,127,11,3,0.03
8,85,6,1,0.03
11,94,7,4,0.03
0,19,1,2,0.03
11,121,10,6,0.03
20,240,12,4,0.02
45,400,30,17,0.02
0,28,1,1,0.02
17,177,11,4,0.02
31,400,26,4,0.02
21,231,16,8,0.02
15,400,12,7,0.02
38,400,26,4,0.02
0,13,1,2,0.02
24,239,15,8,0.02
14,112,8,0,0.02
12,186,13,5,0.02
15,121,9,2,0.02
30,400,23,6,0.02
15,120,8,2,0.02
6,64,5,3,0.02
29,244,17,4,0.02
0,198,1,5,0.02
12,148,8,1,0.02
0,9,1,3,0.02
26,229,16,1,0.02
10,190,8,3,0.02
33,340,23,3,0.02
32,323,18,3,0.01
2,83,2,7,0.01
0,11,1,2,0.01
26,400,15,4,0.01
0,191,1,4,0.01
8,135,10,2,0.01
32,400,16,0,0.01
1,86,3,1,0.01
0,11,1,3,0.01
36,400,29,2,0.01
23,254,14,3,0.01
19,214,15,3,0.01
40,400,27,6,0.01
22,299,16,2,0.01
15,131,10,1,0.01
41,400,25,3,0.01
41,400,29,8,0.01
11,91,6,3,0.01
20,200,13,3,0.01
32,339,27,8,0.5
0,26,3,5,0.48
2,47,3,11,0.43
1,68,3,12,0.38
0,15,1,5,0.36
0,11,1,0,0.36
1,17,2,4,0.35
6,100,8,13,0.32
0,5,1,3,0.31
0,6,1,3,0.31
1,39,3,5,0.29
5,77,4,7,0.26
0,44,3,9,0.24
7,73,5,10,0.22
4,56,3,4,0.21
8,112,9,21,0.18
6,100,6,5,0.17
2,28,2,5,0.16
1,31,3,5,0.16
3,39,3,7,0.15
27,278,15,18,0.13
13,164,10,5,0.11
2,18,2,5,0.11
11,120,8,1,0.1
12,149,9,7,0.1
1,43,2,4,0.09
1,24,2,3,0.09
12,79,6,5,0.09
33,400,23,17,0.08
31,379,20,8,0.07
35,400,26,8,0.06
1,38,3,2,0.06
26,400,20,6,0.06
2,60,3,3,0.05
1,25,2,2,0.05
0,5,1,3,0.05
22,178,11,3,0.05
1,18,2,0,0.05
2,17,2,3,0.05
9,73,5,3,0.05
26,232,17,8,0.05
6,84,6,4,0.05
33,400,29,9,0.04
13,130,11,5,0.04
19,180,12,9,0.04
29,261,19,12,0.04
8,70,6,5,0.03
8,70,6,2,0.03
1,19,2,4,0.03
3,34,3,3,0.03
27,228,15,4,0.03
2,27,3,1,0.03
13,115,10,2,0.03
1,27,2,1,0.03
0,24,3,0,0.03
33,277,22,9,0.03
11,92,8,7,0.03
46,400,30,11,0.03
42,400,30,8,0.03
6,55,5,5,0.03
0,60,3,4,0.03
18,400,9,5,0.03
14,163,12,6,0.02
42,400,29,11,0.02
4,51,3,1,0.02
17,145,11,2,0.02
37,400,23,9,0.02
27,400,23,6,0.02
28,346,17,5,0.02
38,385,25,6,0.02
22,240,15,9,0.02
16,133,8,4,0.02
7,79,5,5,0.02
3,154,3,3,0.02
1,44,2,2,0.02
7,92,7,1,0.02
29,348,16,9,0.02
0,5,1,2,0.02
20,208,15,5,0.02
15,176,12,2,0.02
4,65,5,3,0.02
19,191,12,2,0.02
0,27,1,3,0.02
36,400,24,4,0.02
32,379,24,5,0.02
34,400,25,5,0.01
16,165,13,2,0.01
33,400,20,4,0.01
26,198,16,1,0.01
38,400,26,4,0.01
18,129,10,1,0.01
32,400,25,4,0.01
32,400,24,4,0.01
35,400,27,5,0.01
29,355,25,5,0.01
20,176,10,1,0.01
4,30,3,3,0.01
42,400,27,4,0.01
38,362,29,6,0.01
1,15,2,3,0.01
42,400,32,13,0.5
3,65,4,17,0.42
0,24,1,4,0.4
9,134,10,19,0.31
0,13,1,4,0.3
0,5,1,1,0.3
0,10,1,2,0.3
0,12,1,3,0.29
13,161,8,16,0.25
3,64,6,8,0.23
0,23,1,4,0.22
3,60,5,6,0.21
2,76,4,8,0.19
1,20,2,1,0.19
0,40,1,5,0.19
1,33,2,6,0.18
0,5,1,3,0.18
3,57,4,4,0.17
3,58,2,4,0.17
0,82,1,6,0.16
0,7,1,2,0.16
5,102,5,2,0.15
9,101,5,6,0.14
14,125,6,7,0.13
0,19,1,2,0.12
10,157,8,6,0.12
13,191,10,5,0.11
8,150,6,7,0.1
0,63,1,6,0.09
39,400,23,13,0.08
3,55,4,4,0.07
8,89,7,6,0.07
2,26,2,3,0.07
18,151,8,5,0.07
2,76,2,6,0.07
3,21,2,3,0.07
0,154,1,4,0.06
35,400,24,6,0.06
32,400,25,7,0.05
3,106,4,2,0.05
15,400,7,4,0.05
0,25,2,2,0.04
20,132,8,5,0.04
2,24,3,2,0.04
0,38,3,2,0.04
7,177,4,5,0.04
25,212,13,3,0.04
8,62,5,3,0.04
26,260,15,3,0.04
18,214,10,5,0.04
2,38,2,1,0.04
15,119,9,7,0.03
16,400,13,6,0.03
40,396,28,5,0.03
28,283,16,8,0.03
0,27,1,0,0.03
19,196,14,2,0.03
9,86,5,3,0.03
26,341,21,2,0.02
34,400,23,2,0.02
0,24,1,2,0.02
3,185,5,3,0.02
1,125,2,3,0.02
25,400,15,5,0.02
29,400,19,5,0.02
15,201,12,2,0.02
2,73,4,4,0.02
16,400,13,2,0.02
3,106,3,1,0.02
21,294,13,2,0.02
1,140,2,1,0.02
10,267,9,6,0.02
17,400,14,7,0.02
13,400,8,3,0.02
15,193,9,4,0.02
21,268,15,0,0.02
0,400,0,0,0.02
11,198,6,2,0.02
18,400,8,2,0.02
0,7,1,3,0.01
1,400,1,4,0.01
6,400,6,3,0.01
0,78,1,2,0.01
10,209,10,2,0.01
6,400,7,1,0.01
0,131,1,3,0.01
21,337,15,3,0.01
1,134,3,2,0.01
26,400,11,2,0.01
4,161,5,3,0.01
21,400,15,0,0.01
1,78,2,1,0.01
17,400,11,4,0.01
30,400,14,1,0.01
19,400,13,4,0.01
26,400,17,3,0.01
0,29,1,3,0.01
0,400,0,4,0.01
0,400,0,2,0.01
0,400,0,1,0.01
28,400,20,5,0.5
0,43,3,8,0.45
0,23,1,2,0.43
4,53,3,8,0.39
6,100,7,17,0.32
4,113,3,15,0.27
1,36,2,4,0.26
0,69,1,9,0.24
1,51,2,10,0.23
0,30,2,2,0.22
0,17,1,1,0.22
2,19,2,4,0.21
2,73,4,7,0.2
0,11,1,1,0.19
0,5,1,2,0.19
0,32,1,2,0.19
0,8,1,0,0.19
0,22,1,3,0.18
1,40,2,7,0.17
10,123,10,8,0.16
1,31,2,5,0.15
9,73,6,5,0.14
2,44,3,7,0.14
0,14,1,2,0.14
19,261,17,23,0.11
6,92,9,8,0.1
3,17,2,3,0.1
35,400,25,19,0.09
3,46,3,4,0.08
10,153,9,3,0.08
36,400,26,8,0.07
0,35,3,2,0.07
14,147,8,9,0.07
6,129,5,7,0.07
28,278,18,10,0.06
26,400,21,11,0.05
27,260,19,7,0.05
12,109,7,2,0.05
1,116,2,8,0.05
24,400,16,10,0.04
0,44,1,1,0.04
13,142,7,5,0.04
0,55,1,4,0.04
14,400,11,11,0.04
10,251,12,8,0.04
0,43,1,2,0.03
23,302,10,10,0.03
17,400,11,8,0.03
11,388,10,6,0.03
23,400,14,4,0.03
10,82,5,1,0.03
16,327,9,5,0.03
0,33,1,2,0.03
9,324,10,5,0.03
44,400,27,8,0.02
11,142,7,2,0.02
22,400,13,6,0.02
9,178,8,1,0.02
15,177,10,4,0.02
18,400,13,5,0.02
36,400,25,8,0.02
4,125,6,3,0.02
19,249,13,4,0.02
14,213,11,2,0.02
0,9,1,2,0.02
15,204,13,2,0.02
30,365,20,3,0.02
34,400,26,5,0.02
39,400,28,2,0.02
10,102,8,1,0.02
39,400,27,5,0.02
22,274,17,6,0.02
12,368,11,5,0.02
1,21,2,3,0.02
31,400,20,4,0.01
14,259,11,2,0.01
24,368,17,2,0.01
41,400,26,6,0.01
10,400,9,2,0.01
7,153,8,2,0.01
33,321,22,3,0.01
12,118,7,1,0.01
32,304,24,1,0.01
5,100,8,3,0.01
44,400,31,6,0.01
21,236,16,4,0.01
5,44,4,4,0.01
25,315,22,6,0.01
43,400,28,4,0.01
30,400,24,5,0.01
33,400,28,8,0.01
17,125,8,1,0.01
5,100,5,3,0.01
30,400,21,3,0.01
28,311,23,1,0.01
29,400,21,5,0.01
24,400,16,5,0.01
0,85,3,4,0.01
31,400,21,2,0.01
6,82,4,2,0.01
31,400,19,1,0.5
0,18,2,3,0.49
0,23,2,10,0.44
1,27,2,7,0.42
0,8,1,4,0.41
0,28,1,4,0.39
0,21,1,6,0.37
0,10,1,3,0.36
0,8,1,3,0.35
0,8,1,2,0.34
0,23,1,8,0.33
0,29,1,7,0.31
0,39,2,8,0.29
2,36,2,5,0.28
1,22,2,4,0.27
0,14,2,5,0.26
0,8,1,4,0.26
0,31,3,2,0.25
0,30,1,7,0.23
3,32,3,4,0.22
0,13,2,2,0.22
23,236,17,25,0.17
8,104,7,5,0.16
2,22,2,3,0.15
14,400,15,15,0.12
2,39,4,5,0.12
14,114,9,10,0.11
10,109,9,7,0.1
17,289,15,13,0.09
6,115,6,6,0.08
37,400,28,12,0.07
0,12,1,3,0.07
7,60,5,6,0.07
15,127,9,4,0.07
17,138,10,4,0.07
7,62,4,5,0.06
6,47,4,3,0.06
6,92,6,6,0.06
24,212,16,13,0.05
3,52,3,7,0.05
39,400,27,12,0.05
26,214,15,8,0.04
27,400,21,12,0.04
1,56,2,4,0.04
8,88,6,1,0.04
10,111,8,1,0.04
1,41,2,1,0.04
36,400,22,6,0.04
0,34,1,3,0.04
17,221,11,2,0.03
33,400,18,7,0.03
31,400,18,5,0.03
0,47,1,3,0.03
38,400,23,3,0.03
23,400,16,6,0.03
24,328,20,9,0.03
31,400,19,4,0.02
16,154,10,2,0.02
33,400,21,5,0.02
10,151,8,1,0.02
2,31,2,5,0.02
6,138,7,6,0.02
31,295,19,4,0.02
0,21,2,0,0.02
0,9,1,3,0.02
40,400,27,12,0.02
4,38,3,2,0.02
14,164,11,6,0.02
10,97,9,4,0.02
12,158,7,8,0.02
20,291,17,5,0.02
19,150,12,3,0.02
10,123,10,7,0.02
18,224,16,5,0.02
5,75,6,2,0.02
2,31,3,4,0.02
28,225,20,1,0.02
19,253,13,4,0.02
20,212,15,5,0.02
0,7,1,3,0.02
17,400,17,3,0.02
9,118,9,3,0.02
38,400,18,4,0.02
5,50,4,0,0.02
40,400,20,1,0.02
22,400,16,3,0.02
25,400,21,7,0.01
28,368,21,6,0.01
25,281,13,5,0.01
28,400,19,5,0.01
16,400,10,4,0.01
0,100,1,4,0.01
12,137,10,1,0.01
2,94,2,5,0.01
19,400,12,5,0.01
27,353,15,3,0.01
15,400,13,7,0.01
33,400,15,3,0.01
17,118,9,1,0.01
11,280,10,4,0.01
23,217,15,2,0.5
0,5,1,3,0.5
3,39,3,11,0.45
2,44,3,7,0.41
0,6,1,4,0.4
0,17,1,4,0.39
1,28,2,5,0.37
1,79,2,16,0.32
3,95,4,7,0.28
0,11,1,3,0.28
0,19,1,3,0.27
2,43,3,10,0.26
3,77,4,9,0.24
0,11,1,2,0.24
9,78,7,3,0.23
0,19,2,3,0.22
0,17,1,3,0.21
0,11,1,3,0.21
0,18,1,1,0.2
2,28,3,5,0.2
1,20,2,2,0.19
3,48,4,6,0.18
3,33,3,3,0.18
1,49,4,6,0.17
0,6,1,3,0.17
2,33,3,3,0.17
1,24,2,1,0.16
0,22,1,4,0.16
5,27,3,6,0.15
2,26,2,3,0.15
0,8,1,4,0.15
12,121,10,8,0.14
5,56,5,1,0.14
17,148,12,11,0.12
9,113,8,6,0.12
0,10,1,4,0.11
7,68,5,2,0.11
7,127,8,6,0.1
0,20,2,0,0.1
7,54,4,4,0.1
32,400,24,19,0.09
2,15,2,4,0.08
2,38,2,7,0.08
7,93,4,3,0.08
23,242,16,6,0.07
25,375,20,13,0.06
19,153,11,6,0.06
17,354,14,13,0.05
11,89,6,4,0.05
0,5,1,3,0.05
0,20,1,4,0.05
0,5,1,3,0.05
3,83,4,1,0.05
0,60,1,3,0.05
12,82,6,2,0.05
40,371,26,11,0.04
14,142,11,4,0.04
32,400,21,12,0.04
32,400,19,7,0.04
0,7,1,3,0.04
7,44,4,2,0.04
1,42,3,0,0.04
30,400,17,7,0.03
13,134,9,7,0.03
0,15,1,3,0.03
33,400,27,12,0.03
1,21,2,2,0.03
19,400,14,7,0.03
10,87,6,5,0.03
17,209,13,10,0.03
10,70,6,1,0.03
0,9,1,3,0.03
33,305,22,9,0.03
0,7,1,3,0.03
16,158,12,6,0.03
3,400,6,4,0.02
16,146,12,15,0.02
0,7,1,3,0.02
13,128,11,8,0.02
36,400,22,11,0.02
41,400,30,16,0.02
27,400,22,9,0.02
13,248,14,18,0.02
47,400,32,3,0.02
29,336,23,13,0.02
9,76,5,6,0.02
9,89,6,10,0.02
6,56,6,7,0.02
1,17,2,3,0.02
10,97,7,3,0.02
13,127,7,4,0.02
33,400,26,7,0.02
36,400,24,6,0.02
16,239,13,4,0.02
21,239,13,2,0.02
0,9,1,3,0.02
8,79,5,6,0.02
11,198,11,6,0.02
7,151,8,3,0.02
25,184,13,3,0.02
7,112,6,9,0.5
2,32,2,8,0.46
1,33,2,7,0.42
1,30,2,9,0.4
0,42,1,8,0.37
0,14,1,3,0.36
2,29,2,7,0.34
0,35,3,9,0.32
0,8,1,4,0.32
1,39,2,10,0.29
0,7,1,0,0.29
3,94,4,11,0.25
12,114,8,7,0.22
2,87,5,12,0.2
17,241,14,12,0.17
0,24,1,4,0.16
0,45,1,6,0.16
0,6,1,0,0.16
0,10,1,3,0.15
0,16,1,3,0.15
5,136,6,20,0.14
1,21,2,3,0.13
0,24,2,4,0.13
0,7,1,0,0.13
1,66,3,7,0.12
21,351,17,12,0.1
3,144,5,2,0.09
1,96,3,8,0.09
5,107,7,7,0.08
0,33,1,3,0.08
2,28,2,5,0.08
21,240,13,10,0.07
20,238,14,8,0.06
1,19,2,1,0.06
5,85,3,1,0.06
7,109,6,5,0.06
14,161,9,12,0.06
0,58,1,5,0.06
15,171,8,8,0.05
3,71,4,6,0.05
29,400,17,8,0.05
38,400,29,7,0.04
12,103,7,6,0.04
0,48,1,4,0.04
3,268,5,2,0.04
0,9,1,3,0.04
32,400,22,7,0.04
6,63,5,1,0.04
14,137,9,5,0.03
31,400,20,9,0.03
3,72,3,1,0.03
22,286,16,9,0.03
8,116,7,4,0.03
2,46,3,4,0.03
8,400,7,5,0.03
14,139,9,5,0.03
35,400,23,6,0.03
7,55,4,2,0.03
17,135,11,1,0.02
26,222,16,3,0.02
15,149,11,4,0.02
17,190,9,5,0.02
37,400,20,4,0.02
7,93,5,2,0.02
21,400,12,6,0.02
3,214,6,4,0.02
26,360,16,3,0.02
26,400,17,7,0.02
24,400,17,9,0.02
6,153,6,1,0.02
29,400,20,2,0.02
18,400,12,7,0.02
24,400,19,6,0.02
9,127,6,2,0.02
14,199,13,0,0.02
14,400,11,2,0.01
4,104,6,5,0.01
17,400,16,3,0.01
10,152,5,6,0.01
5,126,7,3,0.01
14,222,8,1,0.01
34,400,24,5,0.01
16,400,11,4,0.01
30,400,19,7,0.01
20,400,12,3,0.01
27,400,19,4,0.01
14,400,11,4,0.01
17,400,14,4,0.01
11,151,6,2,0.01
8,88,8,1,0.01
0,23,1,2,0.01
36,400,25,5,0.01
15,400,12,3,0.01
29,400,16,3,0.01
0,10,1,3,0.01
20,201,13,3,0.01
21,206,14,2,0.01
24,400,16,5,0.01
8,90,7,1,0.01
22,361,17,3,0.01
10,187,9,5,0.5
0,21,2,6,0.48
1,30,2,10,0.45
0,12,1,3,0.44
0,20,1,6,0.42
0,23,1,8,0.4
0,13,1,6,0.38
18,232,17,27,0.27
12,134,9,18,0.23
0,19,1,6,0.22
3,48,3,8,0.21
0,20,2,2,0.21
1,95,5,8,0.19
2,24,2,3,0.19
0,45,2,3,0.18
9,53,4,3,0.17
2,34,3,7,0.17
1,19,2,1,0.16
0,26,1,4,0.16
4,65,4,4,0.15
11,139,10,8,0.14
15,208,13,20,0.11
31,304,20,15,0.1
38,369,27,20,0.09
21,186,16,7,0.08
20,191,14,9,0.07
0,10,1,3,0.07
42,400,28,14,0.07
7,99,8,6,0.06
0,14,1,0,0.06
25,364,18,14,0.06
0,41,1,1,0.06
16,200,12,7,0.05
10,66,5,3,0.05
14,134,12,1,0.05
6,88,5,3,0.05
12,193,11,7,0.05
4,59,4,2,0.05
7,170,6,2,0.04
37,400,23,6,0.04
12,153,10,3,0.04
0,77,2,3,0.04
0,48,1,1,0.04
7,94,7,4,0.04
10,400,13,13,0.03
9,169,9,3,0.03
17,211,14,6,0.03
19,283,15,1,0.03
35,400,23,4,0.03
11,134,10,3,0.03
2,121,3,2,0.03
5,57,5,3,0.03
20,400,10,8,0.03
0,9,1,2,0.03
10,182,10,5,0.02
28,207,13,2,0.02
23,400,17,9,0.02
14,141,10,2,0.02
22,400,15,4,0.02
26,400,18,5,0.02
44,400,29,7,0.02
4,99,4,1,0.02
34,358,18,4,0.02
16,143,9,1,0.02
22,400,15,5,0.02
7,143,4,5,0.02
8,400,5,6,0.02
13,125,8,3,0.02
19,400,11,0,0.02
42,400,26,5,0.02
8,118,6,3,0.02
35,400,21,3,0.02
27,274,16,4,0.01
26,400,14,5,0.01
0,230,1,2,0.01
33,359,20,5,0.01
19,157,11,2,0.01
31,400,19,1,0.01
34,400,22,1,0.01
0,332,1,4,0.01
29,400,18,2,0.01
9,170,7,0,0.01
0,57,1,3,0.01
17,400,8,1,0.01
28,400,15,3,0.01
7,107,4,2,0.01
29,400,16,4,0.01
9,120,5,0,0.01
6,400,5,3,0.01
18,137,7,1,0.01
30,400,18,4,0.01
14,191,9,2,0.01
20,400,11,3,0.01
10,263,6,1,0.01
28,400,15,2,0.01
19,397,16,3,0.01
13,251,6,1,0.01
37,400,24,3,0.01
35,309,22,4,0.01
10,149,7,1,0.01
5,305,7,1,0.5
0,19,1,1,0.48
0,33,2,10,0.45
3,61,5,8,0.41
0,13,1,5,0.39
0,27,1,5,0.38
1,24,2,3,0.36
0,26,1,6,0.35
1,55,3,10,0.31
18,179,11,19,0.24
1,28,2,3,0.23
4,77,6,8,0.22
5,61,4,9,0.2
0,7,1,1,0.2
2,82,3,13,0.18
2,64,3,9,0.17
3,58,3,2,0.16
2,38,2,6,0.15
17,166,12,14,0.14
0,7,1,1,0.14
0,18,1,3,0.13
0,31,1,3,0.13
11,93,8,6,0.12
0,95,1,9,0.11
2,55,4,3,0.11
13,218,7,9,0.1
32,400,21,16,0.08
23,251,13,11,0.07
1,22,2,4,0.07
0,7,1,2,0.07
0,143,1,3,0.07
2,139,3,3,0.07
2,23,2,2,0.07
8,400,6,10,0.06
5,84,5,1,0.06
20,243,14,6,0.05
0,140,1,4,0.05
4,103,6,1,0.05
24,400,15,5,0.05
24,400,20,2,0.05
0,33,1,2,0.05
6,82,4,2,0.04
16,246,10,5,0.04
3,76,3,0,0.04
40,400,30,5,0.04
30,400,15,5,0.04
18,380,8,7,0.03
15,400,9,10,0.03
34,400,23,8,0.03
15,169,12,1,0.03
3,58,3,2,0.03
39,400,28,1,0.03
9,98,9,1,0.03
32,400,27,3,0.03
44,400,32,13,0.03
35,400,26,4,0.02
1,24,2,3,0.02
23,231,14,7,0.02
11,127,10,5,0.02
16,205,18,5,0.02
34,400,24,6,0.02
37,400,29,6,0.02
1,27,3,4,0.02
38,400,31,7,0.02
37,400,33,4,0.02
0,31,1,3,0.02
20,230,15,6,0.02
34,342,27,6,0.02
41,400,27,6,0.02
19,206,15,7,0.02
2,22,2,1,0.02
26,192,11,1,0.02
7,74,5,0,0.02
41,400,29,7,0.02
36,278,20,6,0.02
25,179,12,3,0.02
4,84,7,4,0.02
5,65,5,6,0.02
10,90,6,3,0.02
2,50,5,2,0.02
0,17,1,2,0.02
3,99,3,2,0.02
38,400,24,5,0.01
18,133,10,2,0.01
32,400,22,3,0.01
17,400,11,1,0.01
21,225,14,2,0.01
12,102,8,1,0.01
25,400,16,1,0.01
19,400,15,1,0.01
14,109,7,0,0.01
36,400,23,4,0.01
39,400,26,7,0.01
29,400,16,1,0.01
22,400,15,2,0.01
39,400,24,6,0.01
39,395,29,4,0.01
1,52,2,3,0.01
30,400,22,4,0.01
28,400,21,5,0.01
2,47,2,4,0.5
0,8,1,0,0.5
0,20,2,7,0.47
0,6,1,3,0.45
1,34,3,8,0.42
0,7,1,2,0.41
0,10,1,3,0.41
0,22,1,6,0.39
0,7,1,1,0.38
0,33,1,6,0.36
0,9,1,2,0.36
3,38,5,12,0.33
2,31,2,5,0.32
1,23,2,5,0.31
0,42,2,6,0.29
0,23,1,5,0.28
0,16,2,1,0.28
2,24,3,4,0.27
0,40,1,4,0.25
0,14,2,1,0.25
1,29,2,3,0.24
25,246,20,14,0.19
1,27,2,7,0.19
0,9,1,4,0.18
1,28,2,6,0.18
2,45,4,5,0.17
0,21,1,5,0.17
0,45,1,4,0.16
0,12,1,0,0.16
2,26,2,1,0.15
0,17,1,0,0.15
3,37,3,5,0.15
3,27,3,3,0.15
10,112,9,10,0.13
12,157,9,10,0.12
9,161,7,9,0.11
5,95,6,6,0.1
0,11,1,3,0.1
0,21,1,3,0.1
21,214,11,7,0.09
36,334,20,7,0.08
13,145,9,4,0.08
2,101,4,7,0.07
0,21,1,2,0.07
11,129,10,6,0.07
4,47,3,4,0.07
13,138,9,3,0.07
7,129,6,6,0.07
1,35,2,4,0.06
14,228,8,11,0.06
0,30,1,4,0.06
28,297,17,4,0.05
13,226,10,10,0.05
20,338,14,12,0.05
0,90,1,2,0.05
24,247,15,10,0.04
7,118,6,6,0.04
21,187,15,9,0.04
29,216,17,6,0.04
22,164,13,7,0.04
2,50,3,3,0.04
10,78,4,1,0.04
11,75,6,1,0.04
6,52,4,3,0.04
10,134,9,4,0.03
0,37,1,3,0.03
42,400,34,11,0.03
21,212,18,10,0.03
1,22,2,3,0.03
6,76,7,6,0.03
12,160,8,3,0.03
15,138,10,4,0.03
5,39,4,3,0.03
25,289,20,8,0.03
13,197,12,1,0.03
1,56,2,2,0.03
0,9,1,2,0.03
43,400,32,9,0.03
19,188,15,8,0.03
0,15,1,3,0.03
22,206,15,5,0.02
0,19,1,3,0.02
16,203,9,1,0.02
33,384,26,8,0.02
0,105,1,4,0.02
19,170,12,6,0.02
24,207,12,4,0.02
22,400,20,2,0.02
8,210,8,5,0.02
15,140,9,3,0.02
25,325,17,3,0.02
13,394,9,4,0.02
15,312,9,4,0.02
2,22,2,2,0.02
26,400,21,6,0.02
14,141,10,4,0.02
17,400,14,2,0.02
28,267,14,3,0.02
32,400,18,3,0.02
26,297,18,7,0.01
35,400,23,8,0.5
0,10,1,4,0.49
0,42,1,9,0.45
0,19,1,5,0.43
0,14,1,0,0.42
0,28,1,2,0.4
0,9,1,2,0.39
0,44,1,10,0.36
2,36,2,6,0.34
0,25,1,5,0.32
3,60,3,8,0.29
2,33,3,3,0.28
0,15,1,3,0.28
3,34,2,5,0.26
0,20,2,5,0.25
16,117,8,10,0.23
0,8,1,3,0.23
2,41,4,5,0.21
4,42,3,8,0.2
0,12,1,3,0.2
0,29,1,6,0.19
0,27,2,8,0.19
4,32,3,0,0.18
5,100,8,9,0.17
0,12,1,3,0.17
2,46,3,5,0.16
0,13,1,3,0.16
0,36,1,6,0.15
28,257,18,17,0.13
3,53,4,3,0.13
11,120,10,10,0.12
1,47,3,5,0.11
3,115,8,8,0.11
1,39,3,2,0.11
30,301,18,15,0.09
0,21,1,2,0.09
2,79,3,6,0.09
4,70,7,6,0.08
38,400,27,7,0.07
6,85,5,7,0.07
1,21,2,5,0.07
10,107,8,5,0.07
3,55,4,0,0.07
1,39,3,2,0.07
14,112,8,1,0.06
35,400,25,9,0.06
16,137,10,5,0.06
34,297,18,11,0.05
1,47,2,4,0.05
25,365,22,7,0.05
1,52,4,3,0.05
41,400,30,6,0.04
1,56,4,3,0.04
22,243,17,8,0.04
13,153,13,4,0.04
39,400,26,6,0.04
8,119,11,1,0.03
41,400,29,9,0.03
34,400,25,9,0.03
25,241,20,9,0.03
9,112,9,6,0.03
1,21,2,2,0.03
26,258,22,7,0.03
41,400,33,18,0.03
27,222,15,8,0.02
45,400,28,11,0.02
17,114,9,4,0.02
40,400,26,11,0.02
42,400,29,13,0.02
42,400,26,8,0.02
34,274,20,7,0.02
36,400,29,8,0.02
13,127,10,1,0.02
33,305,25,5,0.02
20,171,15,4,0.02
19,175,14,9,0.02
14,116,8,2,0.02
27,253,19,9,0.02
36,400,25,7,0.02
15,129,10,2,0.02
16,131,9,6,0.02
16,163,16,8,0.02
6,57,6,3,0.02
19,151,12,3,0.02
0,9,1,2,0.02
27,265,22,5,0.02
6,56,4,0,0.02
0,14,2,1,0.02
35,400,27,11,0.02
23,220,17,9,0.01
32,300,22,4,0.01
2,30,2,1,0.01
25,275,16,7,0.01
29,327,19,2,0.01
21,243,14,4,0.01
26,188,13,4,0.01
40,400,24,8,0.01
17,181,10,7,0.01
36,342,23,4,0.01
13,123,10,2,0.01
0,57,1,3,0.5
1,14,2,6,0.49
0,20,1,8,0.46
0,30,1,4,0.44
0,31,2,10,0.41
0,13,1,7,0.39
0,16,1,2,0.38
0,34,2,6,0.36
1,39,3,11,0.33
1,33,4,7,0.31
3,58,5,12,0.28
13,94,6,10,0.25
0,16,1,3,0.25
0,14,1,4,0.24
0,22,3,5,0.23
1,29,2,1,0.23
3,44,4,8,0.22
0,12,1,3,0.21
7,87,7,7,0.2
0,13,1,4,0.19
5,69,6,9,0.18
11,121,10,15,0.17
1,27,3,3,0.16
0,25,2,3,0.16
4,41,3,2,0.16
4,62,6,5,0.15
0,7,1,2,0.15
4,47,5,8,0.14
8,118,10,3,0.13
2,26,3,2,0.13
8,106,10,9,0.12
1,18,2,2,0.12
10,101,8,8,0.12
11,117,11,14,0.11
17,109,8,5,0.1
5,73,6,8,0.1
13,107,9,5,0.1
3,42,3,3,0.09
2,66,3,4,0.09
5,56,4,4,0.09
0,59,1,3,0.09
18,326,17,14,0.08
0,27,1,2,0.08
23,227,15,6,0.07
5,98,7,9,0.07
16,134,11,9,0.06
10,149,10,6,0.06
6,109,7,7,0.06
2,41,2,7,0.06
16,151,10,6,0.05
36,400,24,12,0.05
0,27,1,3,0.05
0,11,1,2,0.05
44,400,29,8,0.05
34,400,25,8,0.04
10,171,11,8,0.04
38,400,25,8,0.04
13,119,10,1,0.04
0,13,1,2,0.04
42,400,29,16,0.03
32,400,23,12,0.03
11,149,7,4,0.03
36,400,21,4,0.03
32,400,31,12,0.03
3,41,4,3,0.03
4,42,3,4,0.03
10,102,6,5,0.03
25,255,17,5,0.03
18,148,13,7,0.03
2,17,2,5,0.03
21,178,14,4,0.02
42,400,32,13,0.02
38,400,36,16,0.02
41,400,35,20,0.02
45,400,33,9,0.02
12,114,11,5,0.02
10,121,11,8,0.02
38,344,30,15,0.02
40,400,33,17,0.02
4,52,4,3,0.02
17,112,9,7,0.02
43,400,37,17,0.02
17,136,13,14,0.02
1,17,2,5,0.02
12,102,9,9,0.02
35,400,33,25,0.02
49,400,35,16,0.02
20,194,16,14,0.02
36,327,26,16,0.02
6,73,7,8,0.02
0,15,1,3,0.02
26,240,22,21,0.02
41,400,35,12,0.02
35,273,26,13,0.02
7,67,8,5,0.01
2,36,4,5,0.01
23,168,16,7,0.01
20,157,16,10,0.01
2,23,2,3,0.01
11,88,8,7,0.01
45,400,37,19,0.5
0,29,2,10,0.46
1,25,3,10,0.44
0,14,2,5,0.43
0,14,1,3,0.42
8,135,10,17,0.33
1,21,2,3,0.32
0,14,2,5,0.32
0,15,1,4,0.3
1,24,2,2,0.3
1,25,2,6,0.29
0,18,1,2,0.28
0,5,1,3,0.27
1,22,2,6,0.27
2,52,3,7,0.25
5,138,9,15,0.21
2,36,3,5,0.2
2,35,3,5,0.19
20,209,16,16,0.16
0,35,1,4,0.15
15,114,9,10,0.14
0,23,2,2,0.14
9,119,8,11,0.13
3,49,4,7,0.12
23,225,17,14,0.11
0,5,1,3,0.11
12,117,9,8,0.1
3,61,3,6,0.1
3,36,3,3,0.1
2,32,2,1,0.1
0,6,1,4,0.09
0,9,1,3,0.09
34,400,25,17,0.08
32,400,24,11,0.07
35,400,23,16,0.06
20,171,11,7,0.06
36,400,21,9,0.05
41,400,26,7,0.05
32,334,23,9,0.04
20,167,13,4,0.04
0,9,1,3,0.04
9,155,7,6,0.04
39,400,28,17,0.04
0,15,1,3,0.04
4,65,5,3,0.04
23,400,19,5,0.04
36,400,25,12,0.03
17,188,12,5,0.03
40,327,24,9,0.03
41,400,29,7,0.03
8,52,4,0,0.03
6,84,6,3,0.03
2,24,2,0,0.03
1,74,2,4,0.03
33,390,21,13,0.03
32,400,27,10,0.03
16,172,13,5,0.02
30,303,25,8,0.02
37,400,28,7,0.02
41,400,29,7,0.02
31,367,26,8,0.02
2,37,3,1,0.02
41,400,29,22,0.02
19,181,11,4,0.02
21,400,16,5,0.02
13,169,9,7,0.02
35,400,28,4,0.02
42,400,28,3,0.02
14,198,12,3,0.02
34,400,26,11,0.02
36,361,25,7,0.01
32,400,18,4,0.01
0,37,1,2,0.01
39,400,23,3,0.01
10,112,8,4,0.01
33,322,20,4,0.01
5,77,6,0,0.01
40,400,27,5,0.01
19,400,12,7,0.01
32,400,22,5,0.01
9,71,5,4,0.01
0,47,1,2,0.01
0,44,1,2,0.01
30,400,22,8,0.01
8,400,5,5,0.01
38,400,22,3,0.01
1,19,2,4,0.01
1,23,2,2,0.01
30,400,17,4,0.01
43,400,26,6,0.01
33,400,25,7,0.01
19,251,15,7,0.01
23,400,20,6,0.01
30,400,21,3,0.01
22,285,15,3,0.01
33,400,21,3,0.01
2,40,3,0,0.01
37,361,24,4,0.01
8,110,7,4,0.01
5,125,4,2,0.01
12,218,8,2,0.5
